East, North, Elevation
15.00, 15.00, 420.00
15.00, 45.00, 420.00
15.00, 75.00, 420.00
15.00, 105.00, 420.00
15.00, 135.00, 420.00
15.00, 165.00, 420.00
15.00, 195.00, 420.00
15.00, 225.00, 420.00
15.00, 255.00, 420.00
15.00, 285.00, 420.00
15.00, 315.00, 450.00
15.00, 345.00, 450.00
15.00, 375.00, 450.00
15.00, 405.00, 450.00
15.00, 435.00, 450.00
15.00, 465.00, 450.00
15.00, 495.00, 450.00
15.00, 525.00, 450.00
15.00, 555.00, 450.00
15.00, 585.00, 450.00
15.00, 615.00, 450.00
15.00, 645.00, 450.00
15.00, 675.00, 450.00
15.00, 705.00, 450.00
15.00, 735.00, 450.00
15.00, 765.00, 450.00
15.00, 795.00, 450.00
15.00, 825.00, 450.00
15.00, 855.00, 450.00
15.00, 885.00, 450.00
15.00, 915.00, 450.00
15.00, 945.00, 450.00
15.00, 975.00, 450.00
15.00, 1005.00, 450.00
15.00, 1035.00, 450.00
15.00, 1065.00, 450.00
15.00, 1095.00, 450.00
15.00, 1125.00, 450.00
15.00, 1155.00, 450.00
15.00, 1185.00, 450.00
15.00, 1215.00, 450.00
15.00, 1245.00, 450.00
15.00, 1275.00, 450.00
15.00, 1305.00, 450.00
15.00, 1335.00, 450.00
15.00, 1365.00, 450.00
15.00, 1395.00, 450.00
15.00, 1425.00, 450.00
15.00, 1455.00, 450.00
15.00, 1485.00, 450.00
15.00, 1515.00, 450.00
15.00, 1545.00, 450.00
15.00, 1575.00, 450.00
15.00, 1605.00, 450.00
15.00, 1635.00, 450.00
15.00, 1665.00, 450.00
15.00, 1695.00, 450.00
15.00, 1725.00, 450.00
15.00, 1755.00, 450.00
15.00, 1785.00, 450.00
45.00, 15.00, 420.00
45.00, 45.00, 420.00
45.00, 75.00, 420.00
45.00, 105.00, 450.00
45.00, 135.00, 450.00
45.00, 165.00, 450.00
45.00, 195.00, 450.00
45.00, 225.00, 420.00
45.00, 255.00, 420.00
45.00, 285.00, 420.00
45.00, 315.00, 420.00
45.00, 345.00, 450.00
45.00, 375.00, 450.00
45.00, 405.00, 450.00
45.00, 435.00, 450.00
45.00, 465.00, 450.00
45.00, 495.00, 450.00
45.00, 525.00, 450.00
45.00, 555.00, 450.00
45.00, 585.00, 450.00
45.00, 615.00, 450.00
45.00, 645.00, 450.00
45.00, 675.00, 450.00
45.00, 705.00, 450.00
45.00, 735.00, 450.00
45.00, 765.00, 450.00
45.00, 795.00, 450.00
45.00, 825.00, 450.00
45.00, 855.00, 450.00
45.00, 885.00, 450.00
45.00, 915.00, 450.00
45.00, 945.00, 450.00
45.00, 975.00, 450.00
45.00, 1005.00, 450.00
45.00, 1035.00, 450.00
45.00, 1065.00, 450.00
45.00, 1095.00, 450.00
45.00, 1125.00, 450.00
45.00, 1155.00, 450.00
45.00, 1185.00, 450.00
45.00, 1215.00, 450.00
45.00, 1245.00, 450.00
45.00, 1275.00, 450.00
45.00, 1305.00, 450.00
45.00, 1335.00, 450.00
45.00, 1365.00, 450.00
45.00, 1395.00, 450.00
45.00, 1425.00, 450.00
45.00, 1455.00, 450.00
45.00, 1485.00, 450.00
45.00, 1515.00, 450.00
45.00, 1545.00, 450.00
45.00, 1575.00, 450.00
45.00, 1605.00, 450.00
45.00, 1635.00, 450.00
45.00, 1665.00, 450.00
45.00, 1695.00, 450.00
45.00, 1725.00, 450.00
45.00, 1755.00, 450.00
45.00, 1785.00, 450.00
75.00, 15.00, 420.00
75.00, 45.00, 450.00
75.00, 75.00, 450.00
75.00, 105.00, 450.00
75.00, 135.00, 450.00
75.00, 165.00, 450.00
75.00, 195.00, 450.00
75.00, 225.00, 450.00
75.00, 255.00, 420.00
75.00, 285.00, 450.00
75.00, 315.00, 450.00
75.00, 345.00, 450.00
75.00, 375.00, 450.00
75.00, 405.00, 450.00
75.00, 435.00, 450.00
75.00, 465.00, 450.00
75.00, 495.00, 450.00
75.00, 525.00, 450.00
75.00, 555.00, 450.00
75.00, 585.00, 450.00
75.00, 615.00, 450.00
75.00, 645.00, 450.00
75.00, 675.00, 450.00
75.00, 705.00, 450.00
75.00, 735.00, 450.00
75.00, 765.00, 450.00
75.00, 795.00, 450.00
75.00, 825.00, 450.00
75.00, 855.00, 450.00
75.00, 885.00, 450.00
75.00, 915.00, 450.00
75.00, 945.00, 450.00
75.00, 975.00, 450.00
75.00, 1005.00, 450.00
75.00, 1035.00, 450.00
75.00, 1065.00, 450.00
75.00, 1095.00, 450.00
75.00, 1125.00, 450.00
75.00, 1155.00, 450.00
75.00, 1185.00, 450.00
75.00, 1215.00, 450.00
75.00, 1245.00, 450.00
75.00, 1275.00, 450.00
75.00, 1305.00, 450.00
75.00, 1335.00, 450.00
75.00, 1365.00, 450.00
75.00, 1395.00, 450.00
75.00, 1425.00, 450.00
75.00, 1455.00, 450.00
75.00, 1485.00, 450.00
75.00, 1515.00, 450.00
75.00, 1545.00, 450.00
75.00, 1575.00, 450.00
75.00, 1605.00, 450.00
75.00, 1635.00, 450.00
75.00, 1665.00, 450.00
75.00, 1695.00, 450.00
75.00, 1725.00, 450.00
75.00, 1755.00, 450.00
75.00, 1785.00, 450.00
105.00, 15.00, 450.00
105.00, 45.00, 450.00
105.00, 75.00, 450.00
105.00, 105.00, 450.00
105.00, 135.00, 450.00
105.00, 165.00, 450.00
105.00, 195.00, 450.00
105.00, 225.00, 450.00
105.00, 255.00, 450.00
105.00, 285.00, 450.00
105.00, 315.00, 450.00
105.00, 345.00, 450.00
105.00, 375.00, 450.00
105.00, 405.00, 450.00
105.00, 435.00, 450.00
105.00, 465.00, 450.00
105.00, 495.00, 450.00
105.00, 525.00, 450.00
105.00, 555.00, 450.00
105.00, 585.00, 450.00
105.00, 615.00, 450.00
105.00, 645.00, 450.00
105.00, 675.00, 450.00
105.00, 705.00, 450.00
105.00, 735.00, 450.00
105.00, 765.00, 450.00
105.00, 795.00, 450.00
105.00, 825.00, 450.00
105.00, 855.00, 450.00
105.00, 885.00, 450.00
105.00, 915.00, 450.00
105.00, 945.00, 450.00
105.00, 975.00, 450.00
105.00, 1005.00, 450.00
105.00, 1035.00, 450.00
105.00, 1065.00, 450.00
105.00, 1095.00, 450.00
105.00, 1125.00, 450.00
105.00, 1155.00, 450.00
105.00, 1185.00, 450.00
105.00, 1215.00, 450.00
105.00, 1245.00, 450.00
105.00, 1275.00, 450.00
105.00, 1305.00, 450.00
105.00, 1335.00, 450.00
105.00, 1365.00, 450.00
105.00, 1395.00, 450.00
105.00, 1425.00, 450.00
105.00, 1455.00, 450.00
105.00, 1485.00, 450.00
105.00, 1515.00, 450.00
105.00, 1545.00, 450.00
105.00, 1575.00, 450.00
105.00, 1605.00, 450.00
105.00, 1635.00, 450.00
105.00, 1665.00, 450.00
105.00, 1695.00, 450.00
105.00, 1725.00, 450.00
105.00, 1755.00, 450.00
105.00, 1785.00, 420.00
135.00, 15.00, 450.00
135.00, 45.00, 450.00
135.00, 75.00, 450.00
135.00, 105.00, 450.00
135.00, 135.00, 450.00
135.00, 165.00, 450.00
135.00, 195.00, 450.00
135.00, 225.00, 450.00
135.00, 255.00, 450.00
135.00, 285.00, 450.00
135.00, 315.00, 450.00
135.00, 345.00, 450.00
135.00, 375.00, 450.00
135.00, 405.00, 450.00
135.00, 435.00, 450.00
135.00, 465.00, 450.00
135.00, 495.00, 450.00
135.00, 525.00, 450.00
135.00, 555.00, 450.00
135.00, 585.00, 450.00
135.00, 615.00, 450.00
135.00, 645.00, 450.00
135.00, 675.00, 450.00
135.00, 705.00, 450.00
135.00, 735.00, 450.00
135.00, 765.00, 450.00
135.00, 795.00, 450.00
135.00, 825.00, 450.00
135.00, 855.00, 450.00
135.00, 885.00, 450.00
135.00, 915.00, 450.00
135.00, 945.00, 450.00
135.00, 975.00, 450.00
135.00, 1005.00, 450.00
135.00, 1035.00, 450.00
135.00, 1065.00, 450.00
135.00, 1095.00, 450.00
135.00, 1125.00, 450.00
135.00, 1155.00, 450.00
135.00, 1185.00, 450.00
135.00, 1215.00, 450.00
135.00, 1245.00, 450.00
135.00, 1275.00, 450.00
135.00, 1305.00, 450.00
135.00, 1335.00, 450.00
135.00, 1365.00, 450.00
135.00, 1395.00, 450.00
135.00, 1425.00, 450.00
135.00, 1455.00, 450.00
135.00, 1485.00, 450.00
135.00, 1515.00, 450.00
135.00, 1545.00, 450.00
135.00, 1575.00, 450.00
135.00, 1605.00, 450.00
135.00, 1635.00, 420.00
135.00, 1665.00, 420.00
135.00, 1695.00, 450.00
135.00, 1725.00, 450.00
135.00, 1755.00, 420.00
135.00, 1785.00, 420.00
165.00, 15.00, 450.00
165.00, 45.00, 450.00
165.00, 75.00, 450.00
165.00, 105.00, 450.00
165.00, 135.00, 450.00
165.00, 165.00, 450.00
165.00, 195.00, 450.00
165.00, 225.00, 450.00
165.00, 255.00, 450.00
165.00, 285.00, 450.00
165.00, 315.00, 450.00
165.00, 345.00, 450.00
165.00, 375.00, 450.00
165.00, 405.00, 450.00
165.00, 435.00, 450.00
165.00, 465.00, 450.00
165.00, 495.00, 450.00
165.00, 525.00, 450.00
165.00, 555.00, 450.00
165.00, 585.00, 450.00
165.00, 615.00, 450.00
165.00, 645.00, 450.00
165.00, 675.00, 450.00
165.00, 705.00, 450.00
165.00, 735.00, 450.00
165.00, 765.00, 450.00
165.00, 795.00, 450.00
165.00, 825.00, 450.00
165.00, 855.00, 450.00
165.00, 885.00, 450.00
165.00, 915.00, 450.00
165.00, 945.00, 450.00
165.00, 975.00, 450.00
165.00, 1005.00, 450.00
165.00, 1035.00, 450.00
165.00, 1065.00, 450.00
165.00, 1095.00, 450.00
165.00, 1125.00, 450.00
165.00, 1155.00, 450.00
165.00, 1185.00, 450.00
165.00, 1215.00, 450.00
165.00, 1245.00, 450.00
165.00, 1275.00, 450.00
165.00, 1305.00, 450.00
165.00, 1335.00, 450.00
165.00, 1365.00, 450.00
165.00, 1395.00, 450.00
165.00, 1425.00, 450.00
165.00, 1455.00, 450.00
165.00, 1485.00, 420.00
165.00, 1515.00, 420.00
165.00, 1545.00, 420.00
165.00, 1575.00, 420.00
165.00, 1605.00, 420.00
165.00, 1635.00, 420.00
165.00, 1665.00, 450.00
165.00, 1695.00, 450.00
165.00, 1725.00, 420.00
165.00, 1755.00, 420.00
165.00, 1785.00, 420.00
195.00, 15.00, 450.00
195.00, 45.00, 450.00
195.00, 75.00, 450.00
195.00, 105.00, 450.00
195.00, 135.00, 450.00
195.00, 165.00, 450.00
195.00, 195.00, 450.00
195.00, 225.00, 450.00
195.00, 255.00, 450.00
195.00, 285.00, 450.00
195.00, 315.00, 450.00
195.00, 345.00, 450.00
195.00, 375.00, 450.00
195.00, 405.00, 450.00
195.00, 435.00, 450.00
195.00, 465.00, 450.00
195.00, 495.00, 450.00
195.00, 525.00, 450.00
195.00, 555.00, 450.00
195.00, 585.00, 450.00
195.00, 615.00, 450.00
195.00, 645.00, 450.00
195.00, 675.00, 447.87
195.00, 705.00, 435.44
195.00, 735.00, 435.44
195.00, 765.00, 437.57
195.00, 795.00, 450.00
195.00, 825.00, 450.00
195.00, 855.00, 450.00
195.00, 885.00, 450.00
195.00, 915.00, 437.57
195.00, 945.00, 425.15
195.00, 975.00, 420.00
195.00, 1005.00, 420.00
195.00, 1035.00, 420.00
195.00, 1065.00, 420.00
195.00, 1095.00, 425.15
195.00, 1125.00, 437.57
195.00, 1155.00, 450.00
195.00, 1185.00, 450.00
195.00, 1215.00, 450.00
195.00, 1245.00, 450.00
195.00, 1275.00, 450.00
195.00, 1305.00, 450.00
195.00, 1335.00, 450.00
195.00, 1365.00, 450.00
195.00, 1395.00, 450.00
195.00, 1425.00, 450.00
195.00, 1455.00, 450.00
195.00, 1485.00, 420.00
195.00, 1515.00, 420.00
195.00, 1545.00, 420.00
195.00, 1575.00, 420.00
195.00, 1605.00, 420.00
195.00, 1635.00, 450.00
195.00, 1665.00, 450.00
195.00, 1695.00, 450.00
195.00, 1725.00, 420.00
195.00, 1755.00, 420.00
195.00, 1785.00, 420.00
225.00, 15.00, 450.00
225.00, 45.00, 450.00
225.00, 75.00, 450.00
225.00, 105.00, 450.00
225.00, 135.00, 450.00
225.00, 165.00, 450.00
225.00, 195.00, 450.00
225.00, 225.00, 450.00
225.00, 255.00, 450.00
225.00, 285.00, 450.00
225.00, 315.00, 450.00
225.00, 345.00, 450.00
225.00, 375.00, 450.00
225.00, 405.00, 450.00
225.00, 435.00, 450.00
225.00, 465.00, 450.00
225.00, 495.00, 450.00
225.00, 525.00, 450.00
225.00, 555.00, 450.00
225.00, 585.00, 450.00
225.00, 615.00, 442.72
225.00, 645.00, 430.29
225.00, 675.00, 417.87
225.00, 705.00, 405.44
225.00, 735.00, 405.44
225.00, 765.00, 407.57
225.00, 795.00, 420.00
225.00, 825.00, 420.00
225.00, 855.00, 425.15
225.00, 885.00, 420.00
225.00, 915.00, 407.57
225.00, 945.00, 395.15
225.00, 975.00, 390.00
225.00, 1005.00, 390.00
225.00, 1035.00, 390.00
225.00, 1065.00, 390.00
225.00, 1095.00, 395.15
225.00, 1125.00, 407.57
225.00, 1155.00, 420.00
225.00, 1185.00, 432.43
225.00, 1215.00, 444.85
225.00, 1245.00, 450.00
225.00, 1275.00, 450.00
225.00, 1305.00, 450.00
225.00, 1335.00, 450.00
225.00, 1365.00, 450.00
225.00, 1395.00, 450.00
225.00, 1425.00, 450.00
225.00, 1455.00, 450.00
225.00, 1485.00, 450.00
225.00, 1515.00, 420.00
225.00, 1545.00, 420.00
225.00, 1575.00, 420.00
225.00, 1605.00, 420.00
225.00, 1635.00, 450.00
225.00, 1665.00, 450.00
225.00, 1695.00, 420.00
225.00, 1725.00, 420.00
225.00, 1755.00, 420.00
225.00, 1785.00, 420.00
255.00, 15.00, 450.00
255.00, 45.00, 450.00
255.00, 75.00, 450.00
255.00, 105.00, 450.00
255.00, 135.00, 450.00
255.00, 165.00, 450.00
255.00, 195.00, 450.00
255.00, 225.00, 450.00
255.00, 255.00, 450.00
255.00, 285.00, 450.00
255.00, 315.00, 450.00
255.00, 345.00, 450.00
255.00, 375.00, 450.00
255.00, 405.00, 450.00
255.00, 435.00, 450.00
255.00, 465.00, 450.00
255.00, 495.00, 450.00
255.00, 525.00, 450.00
255.00, 555.00, 437.57
255.00, 585.00, 425.15
255.00, 615.00, 412.72
255.00, 645.00, 400.29
255.00, 675.00, 387.87
255.00, 705.00, 375.44
255.00, 735.00, 375.44
255.00, 765.00, 377.57
255.00, 795.00, 390.00
255.00, 825.00, 390.00
255.00, 855.00, 395.15
255.00, 885.00, 390.00
255.00, 915.00, 377.57
255.00, 945.00, 365.15
255.00, 975.00, 360.00
255.00, 1005.00, 360.00
255.00, 1035.00, 360.00
255.00, 1065.00, 360.00
255.00, 1095.00, 365.15
255.00, 1125.00, 377.57
255.00, 1155.00, 390.00
255.00, 1185.00, 402.43
255.00, 1215.00, 414.85
255.00, 1245.00, 442.72
255.00, 1275.00, 450.00
255.00, 1305.00, 450.00
255.00, 1335.00, 450.00
255.00, 1365.00, 450.00
255.00, 1395.00, 450.00
255.00, 1425.00, 450.00
255.00, 1455.00, 450.00
255.00, 1485.00, 450.00
255.00, 1515.00, 420.00
255.00, 1545.00, 420.00
255.00, 1575.00, 420.00
255.00, 1605.00, 420.00
255.00, 1635.00, 420.00
255.00, 1665.00, 420.00
255.00, 1695.00, 420.00
255.00, 1725.00, 420.00
255.00, 1755.00, 420.00
255.00, 1785.00, 420.00
285.00, 15.00, 450.00
285.00, 45.00, 450.00
285.00, 75.00, 450.00
285.00, 105.00, 450.00
285.00, 135.00, 450.00
285.00, 165.00, 450.00
285.00, 195.00, 450.00
285.00, 225.00, 450.00
285.00, 255.00, 450.00
285.00, 285.00, 450.00
285.00, 315.00, 450.00
285.00, 345.00, 450.00
285.00, 375.00, 450.00
285.00, 405.00, 450.00
285.00, 435.00, 450.00
285.00, 465.00, 444.85
285.00, 495.00, 432.43
285.00, 525.00, 420.00
285.00, 555.00, 407.57
285.00, 585.00, 395.15
285.00, 615.00, 382.72
285.00, 645.00, 370.29
285.00, 675.00, 357.87
285.00, 705.00, 345.44
285.00, 735.00, 345.44
285.00, 765.00, 347.57
285.00, 795.00, 360.00
285.00, 825.00, 360.00
285.00, 855.00, 365.15
285.00, 885.00, 360.00
285.00, 915.00, 347.57
285.00, 945.00, 335.15
285.00, 975.00, 330.00
285.00, 1005.00, 330.00
285.00, 1035.00, 330.00
285.00, 1065.00, 330.00
285.00, 1095.00, 335.15
285.00, 1125.00, 347.57
285.00, 1155.00, 360.00
285.00, 1185.00, 382.72
285.00, 1215.00, 412.72
285.00, 1245.00, 442.72
285.00, 1275.00, 450.00
285.00, 1305.00, 450.00
285.00, 1335.00, 450.00
285.00, 1365.00, 450.00
285.00, 1395.00, 450.00
285.00, 1425.00, 450.00
285.00, 1455.00, 450.00
285.00, 1485.00, 450.00
285.00, 1515.00, 450.00
285.00, 1545.00, 420.00
285.00, 1575.00, 420.00
285.00, 1605.00, 450.00
285.00, 1635.00, 420.00
285.00, 1665.00, 420.00
285.00, 1695.00, 420.00
285.00, 1725.00, 420.00
285.00, 1755.00, 420.00
285.00, 1785.00, 420.00
315.00, 15.00, 450.00
315.00, 45.00, 450.00
315.00, 75.00, 450.00
315.00, 105.00, 450.00
315.00, 135.00, 450.00
315.00, 165.00, 450.00
315.00, 195.00, 450.00
315.00, 225.00, 450.00
315.00, 255.00, 450.00
315.00, 285.00, 450.00
315.00, 315.00, 450.00
315.00, 345.00, 450.00
315.00, 375.00, 450.00
315.00, 405.00, 450.00
315.00, 435.00, 436.69
315.00, 465.00, 414.85
315.00, 495.00, 402.43
315.00, 525.00, 390.00
315.00, 555.00, 377.57
315.00, 585.00, 365.15
315.00, 615.00, 352.72
315.00, 645.00, 340.29
315.00, 675.00, 327.87
315.00, 705.00, 315.44
315.00, 735.00, 315.44
315.00, 765.00, 317.57
315.00, 795.00, 330.00
315.00, 825.00, 347.57
315.00, 855.00, 340.29
315.00, 885.00, 340.29
315.00, 915.00, 317.57
315.00, 945.00, 305.15
315.00, 975.00, 300.00
315.00, 1005.00, 300.00
315.00, 1035.00, 300.00
315.00, 1065.00, 300.00
315.00, 1095.00, 305.15
315.00, 1125.00, 317.57
315.00, 1155.00, 340.29
315.00, 1185.00, 370.29
315.00, 1215.00, 400.29
315.00, 1245.00, 427.28
315.00, 1275.00, 442.72
315.00, 1305.00, 450.00
315.00, 1335.00, 450.00
315.00, 1365.00, 450.00
315.00, 1395.00, 450.00
315.00, 1425.00, 450.00
315.00, 1455.00, 450.00
315.00, 1485.00, 450.00
315.00, 1515.00, 450.00
315.00, 1545.00, 450.00
315.00, 1575.00, 450.00
315.00, 1605.00, 450.00
315.00, 1635.00, 420.00
315.00, 1665.00, 420.00
315.00, 1695.00, 420.00
315.00, 1725.00, 420.00
315.00, 1755.00, 420.00
315.00, 1785.00, 420.00
345.00, 15.00, 450.00
345.00, 45.00, 450.00
345.00, 75.00, 450.00
345.00, 105.00, 450.00
345.00, 135.00, 450.00
345.00, 165.00, 450.00
345.00, 195.00, 450.00
345.00, 225.00, 450.00
345.00, 255.00, 450.00
345.00, 285.00, 450.00
345.00, 315.00, 450.00
345.00, 345.00, 450.00
345.00, 375.00, 450.00
345.00, 405.00, 450.00
345.00, 435.00, 424.26
345.00, 465.00, 394.26
345.00, 495.00, 390.00
345.00, 525.00, 390.00
345.00, 555.00, 360.00
345.00, 585.00, 335.15
345.00, 615.00, 322.72
345.00, 645.00, 310.29
345.00, 675.00, 297.87
345.00, 705.00, 285.44
345.00, 735.00, 285.44
345.00, 765.00, 300.00
345.00, 795.00, 330.00
345.00, 825.00, 317.57
345.00, 855.00, 310.29
345.00, 885.00, 310.29
345.00, 915.00, 297.87
345.00, 945.00, 275.15
345.00, 975.00, 270.00
345.00, 1005.00, 270.00
345.00, 1035.00, 270.00
345.00, 1065.00, 270.00
345.00, 1095.00, 275.15
345.00, 1125.00, 297.87
345.00, 1155.00, 327.87
345.00, 1185.00, 357.87
345.00, 1215.00, 384.85
345.00, 1245.00, 400.29
345.00, 1275.00, 412.72
345.00, 1305.00, 420.00
345.00, 1335.00, 434.56
345.00, 1365.00, 450.00
345.00, 1395.00, 450.00
345.00, 1425.00, 450.00
345.00, 1455.00, 450.00
345.00, 1485.00, 450.00
345.00, 1515.00, 450.00
345.00, 1545.00, 450.00
345.00, 1575.00, 450.00
345.00, 1605.00, 420.00
345.00, 1635.00, 420.00
345.00, 1665.00, 420.00
345.00, 1695.00, 420.00
345.00, 1725.00, 420.00
345.00, 1755.00, 420.00
345.00, 1785.00, 420.00
375.00, 15.00, 450.00
375.00, 45.00, 450.00
375.00, 75.00, 450.00
375.00, 105.00, 450.00
375.00, 135.00, 450.00
375.00, 165.00, 450.00
375.00, 195.00, 450.00
375.00, 225.00, 450.00
375.00, 255.00, 450.00
375.00, 285.00, 450.00
375.00, 315.00, 450.00
375.00, 345.00, 450.00
375.00, 375.00, 450.00
375.00, 405.00, 441.84
375.00, 435.00, 411.84
375.00, 465.00, 381.84
375.00, 495.00, 381.84
375.00, 525.00, 390.00
375.00, 555.00, 360.00
375.00, 585.00, 330.00
375.00, 615.00, 300.00
375.00, 645.00, 280.29
375.00, 675.00, 267.87
375.00, 705.00, 257.57
375.00, 735.00, 257.57
375.00, 765.00, 287.57
375.00, 795.00, 300.00
375.00, 825.00, 287.57
375.00, 855.00, 280.29
375.00, 885.00, 280.29
375.00, 915.00, 267.87
375.00, 945.00, 255.44
375.00, 975.00, 240.00
375.00, 1005.00, 240.00
375.00, 1035.00, 240.00
375.00, 1065.00, 240.00
375.00, 1095.00, 255.44
375.00, 1125.00, 285.44
375.00, 1155.00, 315.44
375.00, 1185.00, 342.43
375.00, 1215.00, 357.87
375.00, 1245.00, 370.29
375.00, 1275.00, 382.72
375.00, 1305.00, 392.13
375.00, 1335.00, 407.57
375.00, 1365.00, 434.56
375.00, 1395.00, 450.00
375.00, 1425.00, 450.00
375.00, 1455.00, 450.00
375.00, 1485.00, 450.00
375.00, 1515.00, 450.00
375.00, 1545.00, 450.00
375.00, 1575.00, 420.00
375.00, 1605.00, 420.00
375.00, 1635.00, 420.00
375.00, 1665.00, 420.00
375.00, 1695.00, 420.00
375.00, 1725.00, 420.00
375.00, 1755.00, 420.00
375.00, 1785.00, 420.00
405.00, 15.00, 450.00
405.00, 45.00, 450.00
405.00, 75.00, 450.00
405.00, 105.00, 450.00
405.00, 135.00, 450.00
405.00, 165.00, 450.00
405.00, 195.00, 450.00
405.00, 225.00, 450.00
405.00, 255.00, 450.00
405.00, 285.00, 450.00
405.00, 315.00, 450.00
405.00, 345.00, 450.00
405.00, 375.00, 450.00
405.00, 405.00, 429.41
405.00, 435.00, 399.41
405.00, 465.00, 369.41
405.00, 495.00, 369.41
405.00, 525.00, 369.41
405.00, 555.00, 347.57
405.00, 585.00, 317.57
405.00, 615.00, 287.57
405.00, 645.00, 257.57
405.00, 675.00, 257.57
405.00, 705.00, 257.57
405.00, 735.00, 257.57
405.00, 765.00, 257.57
405.00, 795.00, 270.00
405.00, 825.00, 257.57
405.00, 855.00, 250.29
405.00, 885.00, 250.29
405.00, 915.00, 237.87
405.00, 945.00, 225.44
405.00, 975.00, 213.02
405.00, 1005.00, 213.02
405.00, 1035.00, 240.00
405.00, 1065.00, 240.00
405.00, 1095.00, 245.15
405.00, 1125.00, 273.02
405.00, 1155.00, 300.00
405.00, 1185.00, 315.44
405.00, 1215.00, 327.87
405.00, 1245.00, 340.29
405.00, 1275.00, 352.72
405.00, 1305.00, 365.15
405.00, 1335.00, 392.13
405.00, 1365.00, 422.13
405.00, 1395.00, 450.00
405.00, 1425.00, 450.00
405.00, 1455.00, 450.00
405.00, 1485.00, 450.00
405.00, 1515.00, 450.00
405.00, 1545.00, 420.00
405.00, 1575.00, 420.00
405.00, 1605.00, 420.00
405.00, 1635.00, 420.00
405.00, 1665.00, 420.00
405.00, 1695.00, 420.00
405.00, 1725.00, 420.00
405.00, 1755.00, 420.00
405.00, 1785.00, 420.00
435.00, 15.00, 450.00
435.00, 45.00, 450.00
435.00, 75.00, 450.00
435.00, 105.00, 450.00
435.00, 135.00, 450.00
435.00, 165.00, 450.00
435.00, 195.00, 450.00
435.00, 225.00, 450.00
435.00, 255.00, 450.00
435.00, 285.00, 450.00
435.00, 315.00, 450.00
435.00, 345.00, 450.00
435.00, 375.00, 446.98
435.00, 405.00, 416.98
435.00, 435.00, 386.98
435.00, 465.00, 356.98
435.00, 495.00, 339.41
435.00, 525.00, 339.41
435.00, 555.00, 326.98
435.00, 585.00, 305.15
435.00, 615.00, 275.15
435.00, 645.00, 245.15
435.00, 675.00, 245.15
435.00, 705.00, 257.57
435.00, 735.00, 252.43
435.00, 765.00, 252.43
435.00, 795.00, 240.00
435.00, 825.00, 227.57
435.00, 855.00, 220.29
435.00, 885.00, 220.29
435.00, 915.00, 207.87
435.00, 945.00, 197.57
435.00, 975.00, 197.57
435.00, 1005.00, 210.00
435.00, 1035.00, 240.00
435.00, 1065.00, 240.00
435.00, 1095.00, 245.15
435.00, 1125.00, 257.57
435.00, 1155.00, 273.02
435.00, 1185.00, 285.44
435.00, 1215.00, 297.87
435.00, 1245.00, 310.29
435.00, 1275.00, 332.13
435.00, 1305.00, 362.13
435.00, 1335.00, 392.13
435.00, 1365.00, 422.13
435.00, 1395.00, 422.13
435.00, 1425.00, 434.56
435.00, 1455.00, 450.00
435.00, 1485.00, 450.00
435.00, 1515.00, 450.00
435.00, 1545.00, 420.00
435.00, 1575.00, 420.00
435.00, 1605.00, 420.00
435.00, 1635.00, 420.00
435.00, 1665.00, 420.00
435.00, 1695.00, 420.00
435.00, 1725.00, 420.00
435.00, 1755.00, 420.00
435.00, 1785.00, 420.00
465.00, 15.00, 450.00
465.00, 45.00, 450.00
465.00, 75.00, 450.00
465.00, 105.00, 450.00
465.00, 135.00, 450.00
465.00, 165.00, 450.00
465.00, 195.00, 450.00
465.00, 225.00, 450.00
465.00, 255.00, 450.00
465.00, 285.00, 450.00
465.00, 315.00, 450.00
465.00, 345.00, 450.00
465.00, 375.00, 434.56
465.00, 405.00, 404.56
465.00, 435.00, 374.56
465.00, 465.00, 344.56
465.00, 495.00, 314.56
465.00, 525.00, 309.41
465.00, 555.00, 296.98
465.00, 585.00, 284.56
465.00, 615.00, 262.72
465.00, 645.00, 232.72
465.00, 675.00, 227.57
465.00, 705.00, 227.57
465.00, 735.00, 222.43
465.00, 765.00, 222.43
465.00, 795.00, 210.00
465.00, 825.00, 197.57
465.00, 855.00, 190.29
465.00, 885.00, 190.29
465.00, 915.00, 185.15
465.00, 945.00, 185.15
465.00, 975.00, 197.57
465.00, 1005.00, 197.57
465.00, 1035.00, 210.00
465.00, 1065.00, 210.00
465.00, 1095.00, 215.15
465.00, 1125.00, 230.59
465.00, 1155.00, 243.02
465.00, 1185.00, 255.44
465.00, 1215.00, 267.87
465.00, 1245.00, 289.71
465.00, 1275.00, 319.71
465.00, 1305.00, 349.71
465.00, 1335.00, 379.71
465.00, 1365.00, 392.13
465.00, 1395.00, 392.13
465.00, 1425.00, 409.71
465.00, 1455.00, 439.71
465.00, 1485.00, 450.00
465.00, 1515.00, 450.00
465.00, 1545.00, 420.00
465.00, 1575.00, 420.00
465.00, 1605.00, 420.00
465.00, 1635.00, 420.00
465.00, 1665.00, 420.00
465.00, 1695.00, 420.00
465.00, 1725.00, 420.00
465.00, 1755.00, 420.00
465.00, 1785.00, 420.00
495.00, 15.00, 450.00
495.00, 45.00, 450.00
495.00, 75.00, 450.00
495.00, 105.00, 450.00
495.00, 135.00, 450.00
495.00, 165.00, 450.00
495.00, 195.00, 450.00
495.00, 225.00, 450.00
495.00, 255.00, 450.00
495.00, 285.00, 450.00
495.00, 315.00, 450.00
495.00, 345.00, 450.00
495.00, 375.00, 422.13
495.00, 405.00, 392.13
495.00, 435.00, 362.13
495.00, 465.00, 332.13
495.00, 495.00, 302.13
495.00, 525.00, 289.71
495.00, 555.00, 282.43
495.00, 585.00, 259.71
495.00, 615.00, 242.13
495.00, 645.00, 220.29
495.00, 675.00, 197.57
495.00, 705.00, 197.57
495.00, 735.00, 192.43
495.00, 765.00, 192.43
495.00, 795.00, 180.00
495.00, 825.00, 167.57
495.00, 855.00, 160.29
495.00, 885.00, 160.29
495.00, 915.00, 155.15
495.00, 945.00, 155.15
495.00, 975.00, 167.57
495.00, 1005.00, 180.00
495.00, 1035.00, 180.00
495.00, 1065.00, 180.00
495.00, 1095.00, 188.16
495.00, 1125.00, 200.59
495.00, 1155.00, 213.02
495.00, 1185.00, 225.44
495.00, 1215.00, 247.28
495.00, 1245.00, 277.28
495.00, 1275.00, 307.28
495.00, 1305.00, 337.28
495.00, 1335.00, 349.71
495.00, 1365.00, 362.13
495.00, 1395.00, 367.28
495.00, 1425.00, 397.28
495.00, 1455.00, 427.28
495.00, 1485.00, 450.00
495.00, 1515.00, 450.00
495.00, 1545.00, 420.00
495.00, 1575.00, 420.00
495.00, 1605.00, 420.00
495.00, 1635.00, 420.00
495.00, 1665.00, 420.00
495.00, 1695.00, 420.00
495.00, 1725.00, 420.00
495.00, 1755.00, 420.00
495.00, 1785.00, 420.00
525.00, 15.00, 450.00
525.00, 45.00, 450.00
525.00, 75.00, 450.00
525.00, 105.00, 450.00
525.00, 135.00, 450.00
525.00, 165.00, 450.00
525.00, 195.00, 450.00
525.00, 225.00, 450.00
525.00, 255.00, 450.00
525.00, 285.00, 450.00
525.00, 315.00, 450.00
525.00, 345.00, 439.71
525.00, 375.00, 409.71
525.00, 405.00, 379.71
525.00, 435.00, 349.71
525.00, 465.00, 319.71
525.00, 495.00, 289.71
525.00, 525.00, 259.71
525.00, 555.00, 259.71
525.00, 585.00, 259.71
525.00, 615.00, 229.71
525.00, 645.00, 199.71
525.00, 675.00, 180.00
525.00, 705.00, 180.00
525.00, 735.00, 192.43
525.00, 765.00, 180.00
525.00, 795.00, 150.00
525.00, 825.00, 137.57
525.00, 855.00, 130.29
525.00, 885.00, 130.29
525.00, 915.00, 130.29
525.00, 945.00, 130.29
525.00, 975.00, 137.57
525.00, 1005.00, 150.00
525.00, 1035.00, 150.00
525.00, 1065.00, 150.00
525.00, 1095.00, 158.16
525.00, 1125.00, 170.59
525.00, 1155.00, 183.02
525.00, 1185.00, 204.85
525.00, 1215.00, 234.85
525.00, 1245.00, 264.85
525.00, 1275.00, 294.85
525.00, 1305.00, 307.28
525.00, 1335.00, 319.71
525.00, 1365.00, 332.13
525.00, 1395.00, 354.85
525.00, 1425.00, 384.85
525.00, 1455.00, 414.85
525.00, 1485.00, 444.85
525.00, 1515.00, 450.00
525.00, 1545.00, 420.00
525.00, 1575.00, 420.00
525.00, 1605.00, 420.00
525.00, 1635.00, 420.00
525.00, 1665.00, 420.00
525.00, 1695.00, 420.00
525.00, 1725.00, 420.00
525.00, 1755.00, 420.00
525.00, 1785.00, 420.00
555.00, 15.00, 450.00
555.00, 45.00, 450.00
555.00, 75.00, 450.00
555.00, 105.00, 450.00
555.00, 135.00, 450.00
555.00, 165.00, 450.00
555.00, 195.00, 450.00
555.00, 225.00, 450.00
555.00, 255.00, 450.00
555.00, 285.00, 450.00
555.00, 315.00, 450.00
555.00, 345.00, 427.28
555.00, 375.00, 397.28
555.00, 405.00, 367.28
555.00, 435.00, 337.28
555.00, 465.00, 307.28
555.00, 495.00, 277.28
555.00, 525.00, 247.28
555.00, 555.00, 247.28
555.00, 585.00, 247.28
555.00, 615.00, 217.28
555.00, 645.00, 187.28
555.00, 675.00, 180.00
555.00, 705.00, 180.00
555.00, 735.00, 210.00
555.00, 765.00, 180.00
555.00, 795.00, 150.00
555.00, 825.00, 120.00
555.00, 855.00, 100.29
555.00, 885.00, 100.29
555.00, 915.00, 130.29
555.00, 945.00, 100.29
555.00, 975.00, 107.57
555.00, 1005.00, 120.00
555.00, 1035.00, 120.00
555.00, 1065.00, 120.00
555.00, 1095.00, 128.16
555.00, 1125.00, 140.59
555.00, 1155.00, 162.43
555.00, 1185.00, 192.43
555.00, 1215.00, 222.43
555.00, 1245.00, 252.43
555.00, 1275.00, 264.85
555.00, 1305.00, 277.28
555.00, 1335.00, 289.71
555.00, 1365.00, 312.43
555.00, 1395.00, 342.43
555.00, 1425.00, 372.43
555.00, 1455.00, 402.43
555.00, 1485.00, 432.43
555.00, 1515.00, 450.00
555.00, 1545.00, 420.00
555.00, 1575.00, 420.00
555.00, 1605.00, 420.00
555.00, 1635.00, 420.00
555.00, 1665.00, 420.00
555.00, 1695.00, 420.00
555.00, 1725.00, 420.00
555.00, 1755.00, 420.00
555.00, 1785.00, 420.00
585.00, 15.00, 450.00
585.00, 45.00, 450.00
585.00, 75.00, 450.00
585.00, 105.00, 450.00
585.00, 135.00, 450.00
585.00, 165.00, 450.00
585.00, 195.00, 450.00
585.00, 225.00, 450.00
585.00, 255.00, 450.00
585.00, 285.00, 450.00
585.00, 315.00, 444.85
585.00, 345.00, 414.85
585.00, 375.00, 384.85
585.00, 405.00, 354.85
585.00, 435.00, 324.85
585.00, 465.00, 294.85
585.00, 495.00, 264.85
585.00, 525.00, 234.85
585.00, 555.00, 227.57
585.00, 585.00, 227.57
585.00, 615.00, 204.85
585.00, 645.00, 185.15
585.00, 675.00, 167.57
585.00, 705.00, 167.57
585.00, 735.00, 180.00
585.00, 765.00, 167.57
585.00, 795.00, 137.57
585.00, 825.00, 107.57
585.00, 855.00, 87.87
585.00, 885.00, 87.87
585.00, 915.00, 100.29
585.00, 945.00, 87.87
585.00, 975.00, 87.87
585.00, 1005.00, 90.00
585.00, 1035.00, 120.00
585.00, 1065.00, 150.00
585.00, 1095.00, 120.00
585.00, 1125.00, 120.00
585.00, 1155.00, 150.00
585.00, 1185.00, 180.00
585.00, 1215.00, 210.00
585.00, 1245.00, 227.57
585.00, 1275.00, 234.85
585.00, 1305.00, 252.43
585.00, 1335.00, 270.00
585.00, 1365.00, 300.00
585.00, 1395.00, 330.00
585.00, 1425.00, 360.00
585.00, 1455.00, 390.00
585.00, 1485.00, 420.00
585.00, 1515.00, 420.00
585.00, 1545.00, 420.00
585.00, 1575.00, 420.00
585.00, 1605.00, 420.00
585.00, 1635.00, 420.00
585.00, 1665.00, 420.00
585.00, 1695.00, 420.00
585.00, 1725.00, 420.00
585.00, 1755.00, 420.00
585.00, 1785.00, 420.00
615.00, 15.00, 450.00
615.00, 45.00, 450.00
615.00, 75.00, 450.00
615.00, 105.00, 450.00
615.00, 135.00, 450.00
615.00, 165.00, 450.00
615.00, 195.00, 450.00
615.00, 225.00, 450.00
615.00, 255.00, 450.00
615.00, 285.00, 450.00
615.00, 315.00, 432.43
615.00, 345.00, 402.43
615.00, 375.00, 372.43
615.00, 405.00, 342.43
615.00, 435.00, 312.43
615.00, 465.00, 282.43
615.00, 495.00, 252.43
615.00, 525.00, 222.43
615.00, 555.00, 197.57
615.00, 585.00, 197.57
615.00, 615.00, 192.43
615.00, 645.00, 162.43
615.00, 675.00, 155.15
615.00, 705.00, 162.43
615.00, 735.00, 150.00
615.00, 765.00, 137.57
615.00, 795.00, 125.15
615.00, 825.00, 95.15
615.00, 855.00, 65.15
615.00, 885.00, 65.15
615.00, 915.00, 70.29
615.00, 945.00, 70.29
615.00, 975.00, 87.87
615.00, 1005.00, 87.87
615.00, 1035.00, 107.57
615.00, 1065.00, 120.00
615.00, 1095.00, 107.57
615.00, 1125.00, 107.57
615.00, 1155.00, 137.57
615.00, 1185.00, 167.57
615.00, 1215.00, 185.15
615.00, 1245.00, 210.00
615.00, 1275.00, 210.00
615.00, 1305.00, 227.57
615.00, 1335.00, 257.57
615.00, 1365.00, 287.57
615.00, 1395.00, 317.57
615.00, 1425.00, 347.57
615.00, 1455.00, 377.57
615.00, 1485.00, 407.57
615.00, 1515.00, 420.00
615.00, 1545.00, 420.00
615.00, 1575.00, 420.00
615.00, 1605.00, 420.00
615.00, 1635.00, 420.00
615.00, 1665.00, 420.00
615.00, 1695.00, 420.00
615.00, 1725.00, 420.00
615.00, 1755.00, 420.00
615.00, 1785.00, 420.00
645.00, 15.00, 450.00
645.00, 45.00, 450.00
645.00, 75.00, 450.00
645.00, 105.00, 450.00
645.00, 135.00, 450.00
645.00, 165.00, 450.00
645.00, 195.00, 450.00
645.00, 225.00, 450.00
645.00, 255.00, 450.00
645.00, 285.00, 450.00
645.00, 315.00, 420.00
645.00, 345.00, 390.00
645.00, 375.00, 360.00
645.00, 405.00, 330.00
645.00, 435.00, 300.00
645.00, 465.00, 270.00
645.00, 495.00, 240.00
645.00, 525.00, 210.00
645.00, 555.00, 180.00
645.00, 585.00, 180.00
645.00, 615.00, 180.00
645.00, 645.00, 162.43
645.00, 675.00, 132.43
645.00, 705.00, 132.43
645.00, 735.00, 120.00
645.00, 765.00, 107.57
645.00, 795.00, 95.15
645.00, 825.00, 82.72
645.00, 855.00, 65.15
645.00, 885.00, 37.28
645.00, 915.00, 40.29
645.00, 945.00, 65.15
645.00, 975.00, 95.15
645.00, 1005.00, 65.15
645.00, 1035.00, 77.57
645.00, 1065.00, 90.00
645.00, 1095.00, 90.00
645.00, 1125.00, 95.15
645.00, 1155.00, 125.15
645.00, 1185.00, 142.72
645.00, 1215.00, 172.72
645.00, 1245.00, 190.29
645.00, 1275.00, 210.00
645.00, 1305.00, 227.57
645.00, 1335.00, 245.15
645.00, 1365.00, 275.15
645.00, 1395.00, 305.15
645.00, 1425.00, 335.15
645.00, 1455.00, 365.15
645.00, 1485.00, 395.15
645.00, 1515.00, 420.00
645.00, 1545.00, 420.00
645.00, 1575.00, 420.00
645.00, 1605.00, 420.00
645.00, 1635.00, 420.00
645.00, 1665.00, 420.00
645.00, 1695.00, 420.00
645.00, 1725.00, 420.00
645.00, 1755.00, 420.00
645.00, 1785.00, 420.00
675.00, 15.00, 450.00
675.00, 45.00, 450.00
675.00, 75.00, 450.00
675.00, 105.00, 450.00
675.00, 135.00, 450.00
675.00, 165.00, 450.00
675.00, 195.00, 450.00
675.00, 225.00, 450.00
675.00, 255.00, 450.00
675.00, 285.00, 437.57
675.00, 315.00, 407.57
675.00, 345.00, 377.57
675.00, 375.00, 347.57
675.00, 405.00, 317.57
675.00, 435.00, 287.57
675.00, 465.00, 257.57
675.00, 495.00, 227.57
675.00, 525.00, 197.57
675.00, 555.00, 167.57
675.00, 585.00, 167.57
675.00, 615.00, 167.57
675.00, 645.00, 162.43
675.00, 675.00, 132.43
675.00, 705.00, 102.43
675.00, 735.00, 90.00
675.00, 765.00, 77.57
675.00, 795.00, 65.15
675.00, 825.00, 64.96
675.00, 855.00, 67.28
675.00, 885.00, 54.85
675.00, 915.00, 42.43
675.00, 945.00, 54.85
675.00, 975.00, 65.15
675.00, 1005.00, 69.41
675.00, 1035.00, 60.00
675.00, 1065.00, 60.00
675.00, 1095.00, 69.41
675.00, 1125.00, 95.15
675.00, 1155.00, 125.15
675.00, 1185.00, 142.72
675.00, 1215.00, 172.72
675.00, 1245.00, 202.72
675.00, 1275.00, 232.72
675.00, 1305.00, 232.72
675.00, 1335.00, 232.72
675.00, 1365.00, 262.72
675.00, 1395.00, 292.72
675.00, 1425.00, 322.72
675.00, 1455.00, 352.72
675.00, 1485.00, 382.72
675.00, 1515.00, 412.72
675.00, 1545.00, 420.00
675.00, 1575.00, 420.00
675.00, 1605.00, 420.00
675.00, 1635.00, 420.00
675.00, 1665.00, 420.00
675.00, 1695.00, 420.00
675.00, 1725.00, 420.00
675.00, 1755.00, 420.00
675.00, 1785.00, 420.00
705.00, 15.00, 420.00
705.00, 45.00, 450.00
705.00, 75.00, 450.00
705.00, 105.00, 450.00
705.00, 135.00, 450.00
705.00, 165.00, 450.00
705.00, 195.00, 450.00
705.00, 225.00, 450.00
705.00, 255.00, 450.00
705.00, 285.00, 425.15
705.00, 315.00, 395.15
705.00, 345.00, 365.15
705.00, 375.00, 335.15
705.00, 405.00, 305.15
705.00, 435.00, 275.15
705.00, 465.00, 245.15
705.00, 495.00, 215.15
705.00, 525.00, 185.15
705.00, 555.00, 167.57
705.00, 585.00, 167.57
705.00, 615.00, 155.15
705.00, 645.00, 137.57
705.00, 675.00, 125.15
705.00, 705.00, 95.15
705.00, 735.00, 65.15
705.00, 765.00, 65.15
705.00, 795.00, 67.28
705.00, 825.00, 94.96
705.00, 855.00, 97.28
705.00, 885.00, 84.85
705.00, 915.00, 54.85
705.00, 945.00, 42.43
705.00, 975.00, 39.41
705.00, 1005.00, 39.41
705.00, 1035.00, 39.41
705.00, 1065.00, 39.41
705.00, 1095.00, 69.41
705.00, 1125.00, 82.72
705.00, 1155.00, 100.29
705.00, 1185.00, 130.29
705.00, 1215.00, 160.29
705.00, 1245.00, 190.29
705.00, 1275.00, 202.72
705.00, 1305.00, 202.72
705.00, 1335.00, 220.29
705.00, 1365.00, 250.29
705.00, 1395.00, 280.29
705.00, 1425.00, 310.29
705.00, 1455.00, 340.29
705.00, 1485.00, 370.29
705.00, 1515.00, 400.29
705.00, 1545.00, 420.00
705.00, 1575.00, 420.00
705.00, 1605.00, 420.00
705.00, 1635.00, 420.00
705.00, 1665.00, 420.00
705.00, 1695.00, 420.00
705.00, 1725.00, 420.00
705.00, 1755.00, 420.00
705.00, 1785.00, 420.00
735.00, 15.00, 420.00
735.00, 45.00, 420.00
735.00, 75.00, 420.00
735.00, 105.00, 450.00
735.00, 135.00, 450.00
735.00, 165.00, 450.00
735.00, 195.00, 420.00
735.00, 225.00, 450.00
735.00, 255.00, 450.00
735.00, 285.00, 425.15
735.00, 315.00, 395.15
735.00, 345.00, 365.15
735.00, 375.00, 335.15
735.00, 405.00, 305.15
735.00, 435.00, 275.15
735.00, 465.00, 245.15
735.00, 495.00, 215.15
735.00, 525.00, 185.15
735.00, 555.00, 155.15
735.00, 585.00, 162.43
735.00, 615.00, 155.15
735.00, 645.00, 125.15
735.00, 675.00, 97.28
735.00, 705.00, 82.72
735.00, 735.00, 52.72
735.00, 765.00, 64.96
735.00, 795.00, 67.28
735.00, 825.00, 97.28
735.00, 855.00, 127.28
735.00, 885.00, 97.28
735.00, 915.00, 84.85
735.00, 945.00, 54.85
735.00, 975.00, 39.41
735.00, 1005.00, 39.41
735.00, 1035.00, 39.41
735.00, 1065.00, 39.41
735.00, 1095.00, 68.16
735.00, 1125.00, 82.72
735.00, 1155.00, 98.16
735.00, 1185.00, 117.87
735.00, 1215.00, 147.87
735.00, 1245.00, 160.29
735.00, 1275.00, 188.16
735.00, 1305.00, 188.16
735.00, 1335.00, 207.87
735.00, 1365.00, 237.87
735.00, 1395.00, 267.87
735.00, 1425.00, 297.87
735.00, 1455.00, 327.87
735.00, 1485.00, 357.87
735.00, 1515.00, 387.87
735.00, 1545.00, 417.87
735.00, 1575.00, 420.00
735.00, 1605.00, 420.00
735.00, 1635.00, 420.00
735.00, 1665.00, 420.00
735.00, 1695.00, 420.00
735.00, 1725.00, 420.00
735.00, 1755.00, 420.00
735.00, 1785.00, 420.00
765.00, 15.00, 420.00
765.00, 45.00, 420.00
765.00, 75.00, 420.00
765.00, 105.00, 420.00
765.00, 135.00, 420.00
765.00, 165.00, 420.00
765.00, 195.00, 420.00
765.00, 225.00, 420.00
765.00, 255.00, 420.00
765.00, 285.00, 420.00
765.00, 315.00, 395.15
765.00, 345.00, 365.15
765.00, 375.00, 335.15
765.00, 405.00, 305.15
765.00, 435.00, 275.15
765.00, 465.00, 245.15
765.00, 495.00, 215.15
765.00, 525.00, 187.28
765.00, 555.00, 174.85
765.00, 585.00, 162.43
765.00, 615.00, 155.15
765.00, 645.00, 125.15
765.00, 675.00, 97.28
765.00, 705.00, 73.31
765.00, 735.00, 43.31
765.00, 765.00, 64.96
765.00, 795.00, 94.96
765.00, 825.00, 97.28
765.00, 855.00, 120.00
765.00, 885.00, 127.28
765.00, 915.00, 97.28
765.00, 945.00, 67.28
765.00, 975.00, 67.28
765.00, 1005.00, 67.28
765.00, 1035.00, 43.31
765.00, 1065.00, 43.31
765.00, 1095.00, 68.16
765.00, 1125.00, 98.16
765.00, 1155.00, 98.16
765.00, 1185.00, 107.57
765.00, 1215.00, 130.29
765.00, 1245.00, 160.29
765.00, 1275.00, 188.16
765.00, 1305.00, 188.16
765.00, 1335.00, 200.59
765.00, 1365.00, 227.57
765.00, 1395.00, 257.57
765.00, 1425.00, 287.57
765.00, 1455.00, 317.57
765.00, 1485.00, 347.57
765.00, 1515.00, 377.57
765.00, 1545.00, 407.57
765.00, 1575.00, 420.00
765.00, 1605.00, 420.00
765.00, 1635.00, 420.00
765.00, 1665.00, 420.00
765.00, 1695.00, 420.00
765.00, 1725.00, 420.00
765.00, 1755.00, 420.00
765.00, 1785.00, 420.00
795.00, 15.00, 420.00
795.00, 45.00, 420.00
795.00, 75.00, 420.00
795.00, 105.00, 420.00
795.00, 135.00, 420.00
795.00, 165.00, 420.00
795.00, 195.00, 420.00
795.00, 225.00, 420.00
795.00, 255.00, 420.00
795.00, 285.00, 420.00
795.00, 315.00, 402.43
795.00, 345.00, 372.43
795.00, 375.00, 342.43
795.00, 405.00, 312.43
795.00, 435.00, 282.43
795.00, 465.00, 252.43
795.00, 495.00, 222.43
795.00, 525.00, 217.28
795.00, 555.00, 204.85
795.00, 585.00, 192.43
795.00, 615.00, 162.43
795.00, 645.00, 132.43
795.00, 675.00, 102.43
795.00, 705.00, 73.31
795.00, 735.00, 73.31
795.00, 765.00, 73.74
795.00, 795.00, 103.74
795.00, 825.00, 93.02
795.00, 855.00, 93.02
795.00, 885.00, 97.28
795.00, 915.00, 103.74
795.00, 945.00, 90.00
795.00, 975.00, 67.28
795.00, 1005.00, 67.28
795.00, 1035.00, 55.74
795.00, 1065.00, 55.74
795.00, 1095.00, 85.74
795.00, 1125.00, 98.16
795.00, 1155.00, 98.16
795.00, 1185.00, 107.57
795.00, 1215.00, 137.57
795.00, 1245.00, 167.57
795.00, 1275.00, 197.57
795.00, 1305.00, 200.59
795.00, 1335.00, 200.59
795.00, 1365.00, 227.57
795.00, 1395.00, 257.57
795.00, 1425.00, 287.57
795.00, 1455.00, 317.57
795.00, 1485.00, 347.57
795.00, 1515.00, 377.57
795.00, 1545.00, 407.57
795.00, 1575.00, 420.00
795.00, 1605.00, 420.00
795.00, 1635.00, 420.00
795.00, 1665.00, 420.00
795.00, 1695.00, 420.00
795.00, 1725.00, 420.00
795.00, 1755.00, 420.00
795.00, 1785.00, 420.00
825.00, 15.00, 420.00
825.00, 45.00, 420.00
825.00, 75.00, 420.00
825.00, 105.00, 420.00
825.00, 135.00, 420.00
825.00, 165.00, 420.00
825.00, 195.00, 420.00
825.00, 225.00, 420.00
825.00, 255.00, 420.00
825.00, 285.00, 420.00
825.00, 315.00, 414.85
825.00, 345.00, 384.85
825.00, 375.00, 354.85
825.00, 405.00, 324.85
825.00, 435.00, 294.85
825.00, 465.00, 264.85
825.00, 495.00, 247.28
825.00, 525.00, 247.28
825.00, 555.00, 234.85
825.00, 585.00, 204.85
825.00, 615.00, 174.85
825.00, 645.00, 144.85
825.00, 675.00, 114.85
825.00, 705.00, 103.31
825.00, 735.00, 103.31
825.00, 765.00, 103.31
825.00, 795.00, 103.74
825.00, 825.00, 93.02
825.00, 855.00, 93.02
825.00, 885.00, 97.28
825.00, 915.00, 102.43
825.00, 945.00, 90.00
825.00, 975.00, 90.00
825.00, 1005.00, 95.15
825.00, 1035.00, 68.16
825.00, 1065.00, 68.16
825.00, 1095.00, 98.16
825.00, 1125.00, 128.16
825.00, 1155.00, 110.59
825.00, 1185.00, 110.59
825.00, 1215.00, 140.59
825.00, 1245.00, 170.59
825.00, 1275.00, 200.59
825.00, 1305.00, 230.59
825.00, 1335.00, 230.59
825.00, 1365.00, 230.59
825.00, 1395.00, 260.59
825.00, 1425.00, 290.59
825.00, 1455.00, 320.59
825.00, 1485.00, 350.59
825.00, 1515.00, 380.59
825.00, 1545.00, 410.59
825.00, 1575.00, 420.00
825.00, 1605.00, 420.00
825.00, 1635.00, 420.00
825.00, 1665.00, 420.00
825.00, 1695.00, 420.00
825.00, 1725.00, 420.00
825.00, 1755.00, 420.00
825.00, 1785.00, 420.00
855.00, 15.00, 420.00
855.00, 45.00, 420.00
855.00, 75.00, 420.00
855.00, 105.00, 420.00
855.00, 135.00, 420.00
855.00, 165.00, 420.00
855.00, 195.00, 420.00
855.00, 225.00, 420.00
855.00, 255.00, 420.00
855.00, 285.00, 420.00
855.00, 315.00, 420.00
855.00, 345.00, 397.28
855.00, 375.00, 367.28
855.00, 405.00, 337.28
855.00, 435.00, 307.28
855.00, 465.00, 277.28
855.00, 495.00, 277.28
855.00, 525.00, 277.28
855.00, 555.00, 247.28
855.00, 585.00, 217.28
855.00, 615.00, 187.28
855.00, 645.00, 157.28
855.00, 675.00, 133.31
855.00, 705.00, 103.31
855.00, 735.00, 133.31
855.00, 765.00, 127.94
855.00, 795.00, 119.81
855.00, 825.00, 93.02
855.00, 855.00, 93.02
855.00, 885.00, 120.00
855.00, 915.00, 102.43
855.00, 945.00, 102.43
855.00, 975.00, 102.43
855.00, 1005.00, 95.15
855.00, 1035.00, 68.16
855.00, 1065.00, 68.16
855.00, 1095.00, 98.16
855.00, 1125.00, 98.16
855.00, 1155.00, 100.29
855.00, 1185.00, 123.02
855.00, 1215.00, 153.02
855.00, 1245.00, 183.02
855.00, 1275.00, 200.59
855.00, 1305.00, 218.16
855.00, 1335.00, 230.59
855.00, 1365.00, 243.02
855.00, 1395.00, 273.02
855.00, 1425.00, 303.02
855.00, 1455.00, 333.02
855.00, 1485.00, 363.02
855.00, 1515.00, 393.02
855.00, 1545.00, 420.00
855.00, 1575.00, 420.00
855.00, 1605.00, 420.00
855.00, 1635.00, 420.00
855.00, 1665.00, 420.00
855.00, 1695.00, 420.00
855.00, 1725.00, 420.00
855.00, 1755.00, 420.00
855.00, 1785.00, 420.00
885.00, 15.00, 420.00
885.00, 45.00, 420.00
885.00, 75.00, 420.00
885.00, 105.00, 420.00
885.00, 135.00, 420.00
885.00, 165.00, 420.00
885.00, 195.00, 420.00
885.00, 225.00, 420.00
885.00, 255.00, 420.00
885.00, 285.00, 420.00
885.00, 315.00, 420.00
885.00, 345.00, 409.71
885.00, 375.00, 379.71
885.00, 405.00, 349.71
885.00, 435.00, 319.71
885.00, 465.00, 289.71
885.00, 495.00, 272.13
885.00, 525.00, 259.71
885.00, 555.00, 247.28
885.00, 585.00, 217.28
885.00, 615.00, 199.71
885.00, 645.00, 175.74
885.00, 675.00, 145.74
885.00, 705.00, 128.16
885.00, 735.00, 138.46
885.00, 765.00, 144.85
885.00, 795.00, 120.00
885.00, 825.00, 120.00
885.00, 855.00, 120.00
885.00, 885.00, 135.44
885.00, 915.00, 132.43
885.00, 945.00, 132.43
885.00, 975.00, 132.43
885.00, 1005.00, 102.43
885.00, 1035.00, 98.16
885.00, 1065.00, 98.16
885.00, 1095.00, 110.59
885.00, 1125.00, 123.02
885.00, 1155.00, 123.02
885.00, 1185.00, 142.72
885.00, 1215.00, 165.44
885.00, 1245.00, 195.44
885.00, 1275.00, 207.87
885.00, 1305.00, 218.16
885.00, 1335.00, 230.59
885.00, 1365.00, 255.44
885.00, 1395.00, 285.44
885.00, 1425.00, 315.44
885.00, 1455.00, 345.44
885.00, 1485.00, 375.44
885.00, 1515.00, 405.44
885.00, 1545.00, 420.00
885.00, 1575.00, 420.00
885.00, 1605.00, 420.00
885.00, 1635.00, 420.00
885.00, 1665.00, 420.00
885.00, 1695.00, 420.00
885.00, 1725.00, 420.00
885.00, 1755.00, 420.00
885.00, 1785.00, 420.00
915.00, 15.00, 420.00
915.00, 45.00, 420.00
915.00, 75.00, 420.00
915.00, 105.00, 420.00
915.00, 135.00, 420.00
915.00, 165.00, 420.00
915.00, 195.00, 420.00
915.00, 225.00, 420.00
915.00, 255.00, 420.00
915.00, 285.00, 420.00
915.00, 315.00, 420.00
915.00, 345.00, 420.00
915.00, 375.00, 392.13
915.00, 405.00, 362.13
915.00, 435.00, 332.13
915.00, 465.00, 302.13
915.00, 495.00, 272.13
915.00, 525.00, 259.71
915.00, 555.00, 254.56
915.00, 585.00, 242.13
915.00, 615.00, 218.16
915.00, 645.00, 188.16
915.00, 675.00, 158.16
915.00, 705.00, 158.16
915.00, 735.00, 168.46
915.00, 765.00, 150.00
915.00, 795.00, 150.00
915.00, 825.00, 150.00
915.00, 855.00, 150.00
915.00, 885.00, 123.02
915.00, 915.00, 153.02
915.00, 945.00, 150.00
915.00, 975.00, 132.43
915.00, 1005.00, 125.15
915.00, 1035.00, 125.15
915.00, 1065.00, 128.16
915.00, 1095.00, 140.59
915.00, 1125.00, 153.02
915.00, 1155.00, 153.02
915.00, 1185.00, 158.16
915.00, 1215.00, 185.15
915.00, 1245.00, 207.87
915.00, 1275.00, 237.87
915.00, 1305.00, 248.16
915.00, 1335.00, 260.59
915.00, 1365.00, 273.02
915.00, 1395.00, 297.87
915.00, 1425.00, 327.87
915.00, 1455.00, 357.87
915.00, 1485.00, 387.87
915.00, 1515.00, 417.87
915.00, 1545.00, 447.87
915.00, 1575.00, 420.00
915.00, 1605.00, 420.00
915.00, 1635.00, 420.00
915.00, 1665.00, 420.00
915.00, 1695.00, 450.00
915.00, 1725.00, 450.00
915.00, 1755.00, 420.00
915.00, 1785.00, 420.00
945.00, 15.00, 420.00
945.00, 45.00, 420.00
945.00, 75.00, 420.00
945.00, 105.00, 420.00
945.00, 135.00, 420.00
945.00, 165.00, 420.00
945.00, 195.00, 420.00
945.00, 225.00, 420.00
945.00, 255.00, 420.00
945.00, 285.00, 420.00
945.00, 315.00, 420.00
945.00, 345.00, 420.00
945.00, 375.00, 404.56
945.00, 405.00, 374.56
945.00, 435.00, 344.56
945.00, 465.00, 314.56
945.00, 495.00, 291.84
945.00, 525.00, 289.71
945.00, 555.00, 284.56
945.00, 585.00, 260.59
945.00, 615.00, 230.59
945.00, 645.00, 200.59
945.00, 675.00, 187.28
945.00, 705.00, 187.28
945.00, 735.00, 174.85
945.00, 765.00, 150.00
945.00, 795.00, 150.00
945.00, 825.00, 150.00
945.00, 855.00, 150.00
945.00, 885.00, 150.00
945.00, 915.00, 153.02
945.00, 945.00, 150.00
945.00, 975.00, 150.00
945.00, 1005.00, 125.15
945.00, 1035.00, 125.15
945.00, 1065.00, 140.59
945.00, 1095.00, 170.59
945.00, 1125.00, 183.02
945.00, 1155.00, 170.59
945.00, 1185.00, 170.59
945.00, 1215.00, 200.59
945.00, 1245.00, 227.57
945.00, 1275.00, 250.29
945.00, 1305.00, 278.16
945.00, 1335.00, 290.59
945.00, 1365.00, 303.02
945.00, 1395.00, 315.44
945.00, 1425.00, 340.29
945.00, 1455.00, 370.29
945.00, 1485.00, 400.29
945.00, 1515.00, 430.29
945.00, 1545.00, 450.00
945.00, 1575.00, 420.00
945.00, 1605.00, 420.00
945.00, 1635.00, 450.00
945.00, 1665.00, 450.00
945.00, 1695.00, 450.00
945.00, 1725.00, 450.00
945.00, 1755.00, 420.00
945.00, 1785.00, 420.00
975.00, 15.00, 420.00
975.00, 45.00, 420.00
975.00, 75.00, 420.00
975.00, 105.00, 420.00
975.00, 135.00, 420.00
975.00, 165.00, 420.00
975.00, 195.00, 420.00
975.00, 225.00, 420.00
975.00, 255.00, 420.00
975.00, 285.00, 420.00
975.00, 315.00, 420.00
975.00, 345.00, 420.00
975.00, 375.00, 416.98
975.00, 405.00, 386.98
975.00, 435.00, 356.98
975.00, 465.00, 330.00
975.00, 495.00, 321.84
975.00, 525.00, 319.71
975.00, 555.00, 303.02
975.00, 585.00, 273.02
975.00, 615.00, 243.02
975.00, 645.00, 217.28
975.00, 675.00, 217.28
975.00, 705.00, 217.28
975.00, 735.00, 187.28
975.00, 765.00, 157.28
975.00, 795.00, 157.28
975.00, 825.00, 167.57
975.00, 855.00, 177.87
975.00, 885.00, 165.44
975.00, 915.00, 153.02
975.00, 945.00, 150.00
975.00, 975.00, 150.00
975.00, 1005.00, 125.15
975.00, 1035.00, 125.15
975.00, 1065.00, 153.02
975.00, 1095.00, 183.02
975.00, 1125.00, 213.02
975.00, 1155.00, 183.02
975.00, 1185.00, 183.02
975.00, 1215.00, 213.02
975.00, 1245.00, 243.02
975.00, 1275.00, 270.00
975.00, 1305.00, 292.72
975.00, 1335.00, 320.59
975.00, 1365.00, 333.02
975.00, 1395.00, 345.44
975.00, 1425.00, 352.72
975.00, 1455.00, 382.72
975.00, 1485.00, 412.72
975.00, 1515.00, 442.72
975.00, 1545.00, 420.00
975.00, 1575.00, 420.00
975.00, 1605.00, 420.00
975.00, 1635.00, 450.00
975.00, 1665.00, 450.00
975.00, 1695.00, 450.00
975.00, 1725.00, 450.00
975.00, 1755.00, 420.00
975.00, 1785.00, 420.00
1005.00, 15.00, 420.00
1005.00, 45.00, 420.00
1005.00, 75.00, 420.00
1005.00, 105.00, 420.00
1005.00, 135.00, 420.00
1005.00, 165.00, 420.00
1005.00, 195.00, 420.00
1005.00, 225.00, 420.00
1005.00, 255.00, 420.00
1005.00, 285.00, 420.00
1005.00, 315.00, 420.00
1005.00, 345.00, 420.00
1005.00, 375.00, 420.00
1005.00, 405.00, 399.41
1005.00, 435.00, 372.43
1005.00, 465.00, 360.00
1005.00, 495.00, 351.84
1005.00, 525.00, 339.41
1005.00, 555.00, 315.44
1005.00, 585.00, 285.44
1005.00, 615.00, 259.71
1005.00, 645.00, 229.71
1005.00, 675.00, 217.28
1005.00, 705.00, 217.28
1005.00, 735.00, 187.28
1005.00, 765.00, 185.15
1005.00, 795.00, 185.15
1005.00, 825.00, 197.57
1005.00, 855.00, 207.87
1005.00, 885.00, 195.44
1005.00, 915.00, 183.02
1005.00, 945.00, 180.00
1005.00, 975.00, 167.57
1005.00, 1005.00, 155.15
1005.00, 1035.00, 155.15
1005.00, 1065.00, 155.15
1005.00, 1095.00, 183.02
1005.00, 1125.00, 207.87
1005.00, 1155.00, 202.72
1005.00, 1185.00, 202.72
1005.00, 1215.00, 225.44
1005.00, 1245.00, 255.44
1005.00, 1275.00, 285.44
1005.00, 1305.00, 312.43
1005.00, 1335.00, 335.15
1005.00, 1365.00, 363.02
1005.00, 1395.00, 375.44
1005.00, 1425.00, 375.44
1005.00, 1455.00, 395.15
1005.00, 1485.00, 420.00
1005.00, 1515.00, 420.00
1005.00, 1545.00, 420.00
1005.00, 1575.00, 420.00
1005.00, 1605.00, 420.00
1005.00, 1635.00, 420.00
1005.00, 1665.00, 450.00
1005.00, 1695.00, 450.00
1005.00, 1725.00, 450.00
1005.00, 1755.00, 420.00
1005.00, 1785.00, 420.00
1035.00, 15.00, 420.00
1035.00, 45.00, 420.00
1035.00, 75.00, 420.00
1035.00, 105.00, 420.00
1035.00, 135.00, 420.00
1035.00, 165.00, 420.00
1035.00, 195.00, 420.00
1035.00, 225.00, 420.00
1035.00, 255.00, 420.00
1035.00, 285.00, 420.00
1035.00, 315.00, 420.00
1035.00, 345.00, 420.00
1035.00, 375.00, 420.00
1035.00, 405.00, 411.84
1035.00, 435.00, 402.43
1035.00, 465.00, 390.00
1035.00, 495.00, 381.84
1035.00, 525.00, 351.84
1035.00, 555.00, 321.84
1035.00, 585.00, 291.84
1035.00, 615.00, 272.13
1035.00, 645.00, 242.13
1035.00, 675.00, 229.71
1035.00, 705.00, 217.28
1035.00, 735.00, 217.28
1035.00, 765.00, 215.15
1035.00, 795.00, 215.15
1035.00, 825.00, 227.57
1035.00, 855.00, 237.87
1035.00, 885.00, 225.44
1035.00, 915.00, 213.02
1035.00, 945.00, 210.00
1035.00, 975.00, 197.57
1035.00, 1005.00, 180.00
1035.00, 1035.00, 180.00
1035.00, 1065.00, 185.15
1035.00, 1095.00, 195.44
1035.00, 1125.00, 207.87
1035.00, 1155.00, 220.29
1035.00, 1185.00, 232.72
1035.00, 1215.00, 245.15
1035.00, 1245.00, 267.87
1035.00, 1275.00, 297.87
1035.00, 1305.00, 327.87
1035.00, 1335.00, 354.85
1035.00, 1365.00, 377.57
1035.00, 1395.00, 405.44
1035.00, 1425.00, 405.44
1035.00, 1455.00, 407.57
1035.00, 1485.00, 420.00
1035.00, 1515.00, 420.00
1035.00, 1545.00, 420.00
1035.00, 1575.00, 420.00
1035.00, 1605.00, 420.00
1035.00, 1635.00, 420.00
1035.00, 1665.00, 420.00
1035.00, 1695.00, 420.00
1035.00, 1725.00, 420.00
1035.00, 1755.00, 420.00
1035.00, 1785.00, 420.00
1065.00, 15.00, 420.00
1065.00, 45.00, 420.00
1065.00, 75.00, 420.00
1065.00, 105.00, 420.00
1065.00, 135.00, 420.00
1065.00, 165.00, 420.00
1065.00, 195.00, 420.00
1065.00, 225.00, 420.00
1065.00, 255.00, 420.00
1065.00, 285.00, 420.00
1065.00, 315.00, 420.00
1065.00, 345.00, 420.00
1065.00, 375.00, 420.00
1065.00, 405.00, 420.00
1065.00, 435.00, 420.00
1065.00, 465.00, 420.00
1065.00, 495.00, 390.00
1065.00, 525.00, 360.00
1065.00, 555.00, 330.00
1065.00, 585.00, 314.56
1065.00, 615.00, 284.56
1065.00, 645.00, 272.13
1065.00, 675.00, 259.71
1065.00, 705.00, 247.28
1065.00, 735.00, 247.28
1065.00, 765.00, 245.15
1065.00, 795.00, 245.15
1065.00, 825.00, 257.57
1065.00, 855.00, 267.87
1065.00, 885.00, 255.44
1065.00, 915.00, 243.02
1065.00, 945.00, 240.00
1065.00, 975.00, 218.16
1065.00, 1005.00, 210.00
1065.00, 1035.00, 210.00
1065.00, 1065.00, 215.15
1065.00, 1095.00, 225.44
1065.00, 1125.00, 237.87
1065.00, 1155.00, 250.29
1065.00, 1185.00, 262.72
1065.00, 1215.00, 275.15
1065.00, 1245.00, 287.57
1065.00, 1275.00, 310.29
1065.00, 1305.00, 340.29
1065.00, 1335.00, 370.29
1065.00, 1365.00, 397.28
1065.00, 1395.00, 420.00
1065.00, 1425.00, 420.00
1065.00, 1455.00, 420.00
1065.00, 1485.00, 420.00
1065.00, 1515.00, 420.00
1065.00, 1545.00, 420.00
1065.00, 1575.00, 420.00
1065.00, 1605.00, 420.00
1065.00, 1635.00, 420.00
1065.00, 1665.00, 420.00
1065.00, 1695.00, 420.00
1065.00, 1725.00, 420.00
1065.00, 1755.00, 420.00
1065.00, 1785.00, 420.00
1095.00, 15.00, 420.00
1095.00, 45.00, 420.00
1095.00, 75.00, 420.00
1095.00, 105.00, 420.00
1095.00, 135.00, 420.00
1095.00, 165.00, 420.00
1095.00, 195.00, 420.00
1095.00, 225.00, 420.00
1095.00, 255.00, 420.00
1095.00, 285.00, 420.00
1095.00, 315.00, 420.00
1095.00, 345.00, 420.00
1095.00, 375.00, 420.00
1095.00, 405.00, 420.00
1095.00, 435.00, 419.12
1095.00, 465.00, 411.84
1095.00, 495.00, 402.43
1095.00, 525.00, 372.43
1095.00, 555.00, 356.98
1095.00, 585.00, 326.98
1095.00, 615.00, 314.56
1095.00, 645.00, 302.13
1095.00, 675.00, 289.71
1095.00, 705.00, 277.28
1095.00, 735.00, 277.28
1095.00, 765.00, 273.02
1095.00, 795.00, 273.02
1095.00, 825.00, 287.57
1095.00, 855.00, 297.87
1095.00, 885.00, 285.44
1095.00, 915.00, 273.02
1095.00, 945.00, 260.59
1095.00, 975.00, 248.16
1095.00, 1005.00, 240.00
1095.00, 1035.00, 240.00
1095.00, 1065.00, 245.15
1095.00, 1095.00, 255.44
1095.00, 1125.00, 267.87
1095.00, 1155.00, 280.29
1095.00, 1185.00, 292.72
1095.00, 1215.00, 305.15
1095.00, 1245.00, 317.57
1095.00, 1275.00, 330.00
1095.00, 1305.00, 352.72
1095.00, 1335.00, 382.72
1095.00, 1365.00, 412.72
1095.00, 1395.00, 420.00
1095.00, 1425.00, 420.00
1095.00, 1455.00, 420.00
1095.00, 1485.00, 420.00
1095.00, 1515.00, 420.00
1095.00, 1545.00, 420.00
1095.00, 1575.00, 420.00
1095.00, 1605.00, 420.00
1095.00, 1635.00, 420.00
1095.00, 1665.00, 420.00
1095.00, 1695.00, 420.00
1095.00, 1725.00, 420.00
1095.00, 1755.00, 420.00
1095.00, 1785.00, 420.00
1125.00, 15.00, 420.00
1125.00, 45.00, 420.00
1125.00, 75.00, 420.00
1125.00, 105.00, 420.00
1125.00, 135.00, 420.00
1125.00, 165.00, 420.00
1125.00, 195.00, 420.00
1125.00, 225.00, 420.00
1125.00, 255.00, 420.00
1125.00, 285.00, 420.00
1125.00, 315.00, 420.00
1125.00, 345.00, 420.00
1125.00, 375.00, 420.00
1125.00, 405.00, 420.00
1125.00, 435.00, 419.12
1125.00, 465.00, 411.84
1125.00, 495.00, 411.84
1125.00, 525.00, 399.41
1125.00, 555.00, 369.41
1125.00, 585.00, 356.98
1125.00, 615.00, 344.56
1125.00, 645.00, 332.13
1125.00, 675.00, 319.71
1125.00, 705.00, 307.28
1125.00, 735.00, 307.28
1125.00, 765.00, 303.02
1125.00, 795.00, 303.02
1125.00, 825.00, 315.44
1125.00, 855.00, 327.87
1125.00, 885.00, 315.44
1125.00, 915.00, 303.02
1125.00, 945.00, 290.59
1125.00, 975.00, 260.59
1125.00, 1005.00, 260.59
1125.00, 1035.00, 270.00
1125.00, 1065.00, 273.02
1125.00, 1095.00, 285.44
1125.00, 1125.00, 297.87
1125.00, 1155.00, 310.29
1125.00, 1185.00, 322.72
1125.00, 1215.00, 335.15
1125.00, 1245.00, 347.57
1125.00, 1275.00, 360.00
1125.00, 1305.00, 365.15
1125.00, 1335.00, 384.85
1125.00, 1365.00, 412.72
1125.00, 1395.00, 420.00
1125.00, 1425.00, 420.00
1125.00, 1455.00, 420.00
1125.00, 1485.00, 420.00
1125.00, 1515.00, 420.00
1125.00, 1545.00, 420.00
1125.00, 1575.00, 420.00
1125.00, 1605.00, 420.00
1125.00, 1635.00, 420.00
1125.00, 1665.00, 420.00
1125.00, 1695.00, 420.00
1125.00, 1725.00, 420.00
1125.00, 1755.00, 420.00
1125.00, 1785.00, 420.00
1155.00, 15.00, 420.00
1155.00, 45.00, 420.00
1155.00, 75.00, 420.00
1155.00, 105.00, 420.00
1155.00, 135.00, 420.00
1155.00, 165.00, 420.00
1155.00, 195.00, 420.00
1155.00, 225.00, 420.00
1155.00, 255.00, 420.00
1155.00, 285.00, 420.00
1155.00, 315.00, 420.00
1155.00, 345.00, 390.00
1155.00, 375.00, 390.00
1155.00, 405.00, 420.00
1155.00, 435.00, 420.00
1155.00, 465.00, 390.00
1155.00, 495.00, 420.00
1155.00, 525.00, 411.84
1155.00, 555.00, 399.41
1155.00, 585.00, 386.98
1155.00, 615.00, 374.56
1155.00, 645.00, 362.13
1155.00, 675.00, 349.71
1155.00, 705.00, 337.28
1155.00, 735.00, 337.28
1155.00, 765.00, 333.02
1155.00, 795.00, 333.02
1155.00, 825.00, 345.44
1155.00, 855.00, 333.02
1155.00, 885.00, 333.02
1155.00, 915.00, 333.02
1155.00, 945.00, 303.02
1155.00, 975.00, 273.02
1155.00, 1005.00, 273.02
1155.00, 1035.00, 287.57
1155.00, 1065.00, 303.02
1155.00, 1095.00, 315.44
1155.00, 1125.00, 327.87
1155.00, 1155.00, 340.29
1155.00, 1185.00, 352.72
1155.00, 1215.00, 363.02
1155.00, 1245.00, 377.57
1155.00, 1275.00, 390.00
1155.00, 1305.00, 390.00
1155.00, 1335.00, 407.57
1155.00, 1365.00, 427.28
1155.00, 1395.00, 420.00
1155.00, 1425.00, 420.00
1155.00, 1455.00, 420.00
1155.00, 1485.00, 420.00
1155.00, 1515.00, 420.00
1155.00, 1545.00, 420.00
1155.00, 1575.00, 420.00
1155.00, 1605.00, 420.00
1155.00, 1635.00, 420.00
1155.00, 1665.00, 420.00
1155.00, 1695.00, 420.00
1155.00, 1725.00, 420.00
1155.00, 1755.00, 420.00
1155.00, 1785.00, 420.00
1185.00, 15.00, 390.00
1185.00, 45.00, 390.00
1185.00, 75.00, 390.00
1185.00, 105.00, 390.00
1185.00, 135.00, 390.00
1185.00, 165.00, 420.00
1185.00, 195.00, 420.00
1185.00, 225.00, 420.00
1185.00, 255.00, 420.00
1185.00, 285.00, 420.00
1185.00, 315.00, 420.00
1185.00, 345.00, 390.00
1185.00, 375.00, 390.00
1185.00, 405.00, 420.00
1185.00, 435.00, 420.00
1185.00, 465.00, 390.00
1185.00, 495.00, 390.00
1185.00, 525.00, 390.00
1185.00, 555.00, 390.00
1185.00, 585.00, 390.00
1185.00, 615.00, 404.56
1185.00, 645.00, 392.13
1185.00, 675.00, 367.28
1185.00, 705.00, 367.28
1185.00, 735.00, 367.28
1185.00, 765.00, 363.02
1185.00, 795.00, 363.02
1185.00, 825.00, 375.44
1185.00, 855.00, 345.44
1185.00, 885.00, 333.02
1185.00, 915.00, 333.02
1185.00, 945.00, 303.02
1185.00, 975.00, 292.72
1185.00, 1005.00, 287.57
1185.00, 1035.00, 287.57
1185.00, 1065.00, 303.02
1185.00, 1095.00, 315.44
1185.00, 1125.00, 340.29
1185.00, 1155.00, 370.29
1185.00, 1185.00, 382.72
1185.00, 1215.00, 390.00
1185.00, 1245.00, 405.44
1185.00, 1275.00, 420.00
1185.00, 1305.00, 420.00
1185.00, 1335.00, 432.43
1185.00, 1365.00, 450.00
1185.00, 1395.00, 420.00
1185.00, 1425.00, 420.00
1185.00, 1455.00, 420.00
1185.00, 1485.00, 420.00
1185.00, 1515.00, 420.00
1185.00, 1545.00, 420.00
1185.00, 1575.00, 420.00
1185.00, 1605.00, 420.00
1185.00, 1635.00, 420.00
1185.00, 1665.00, 420.00
1185.00, 1695.00, 420.00
1185.00, 1725.00, 420.00
1185.00, 1755.00, 420.00
1185.00, 1785.00, 420.00
1215.00, 15.00, 390.00
1215.00, 45.00, 390.00
1215.00, 75.00, 390.00
1215.00, 105.00, 390.00
1215.00, 135.00, 390.00
1215.00, 165.00, 390.00
1215.00, 195.00, 390.00
1215.00, 225.00, 390.00
1215.00, 255.00, 420.00
1215.00, 285.00, 420.00
1215.00, 315.00, 390.00
1215.00, 345.00, 390.00
1215.00, 375.00, 390.00
1215.00, 405.00, 390.00
1215.00, 435.00, 420.00
1215.00, 465.00, 420.00
1215.00, 495.00, 420.00
1215.00, 525.00, 390.00
1215.00, 555.00, 390.00
1215.00, 585.00, 390.00
1215.00, 615.00, 420.00
1215.00, 645.00, 409.71
1215.00, 675.00, 379.71
1215.00, 705.00, 379.71
1215.00, 735.00, 397.28
1215.00, 765.00, 390.00
1215.00, 795.00, 377.57
1215.00, 825.00, 375.44
1215.00, 855.00, 357.87
1215.00, 885.00, 354.85
1215.00, 915.00, 342.43
1215.00, 945.00, 330.00
1215.00, 975.00, 322.72
1215.00, 1005.00, 317.57
1215.00, 1035.00, 305.15
1215.00, 1065.00, 305.15
1215.00, 1095.00, 322.72
1215.00, 1125.00, 352.72
1215.00, 1155.00, 382.72
1215.00, 1185.00, 412.72
1215.00, 1215.00, 420.00
1215.00, 1245.00, 420.00
1215.00, 1275.00, 442.72
1215.00, 1305.00, 450.00
1215.00, 1335.00, 450.00
1215.00, 1365.00, 450.00
1215.00, 1395.00, 420.00
1215.00, 1425.00, 420.00
1215.00, 1455.00, 420.00
1215.00, 1485.00, 420.00
1215.00, 1515.00, 420.00
1215.00, 1545.00, 420.00
1215.00, 1575.00, 420.00
1215.00, 1605.00, 420.00
1215.00, 1635.00, 420.00
1215.00, 1665.00, 450.00
1215.00, 1695.00, 450.00
1215.00, 1725.00, 420.00
1215.00, 1755.00, 420.00
1215.00, 1785.00, 420.00
1245.00, 15.00, 390.00
1245.00, 45.00, 390.00
1245.00, 75.00, 390.00
1245.00, 105.00, 390.00
1245.00, 135.00, 390.00
1245.00, 165.00, 390.00
1245.00, 195.00, 390.00
1245.00, 225.00, 390.00
1245.00, 255.00, 390.00
1245.00, 285.00, 390.00
1245.00, 315.00, 390.00
1245.00, 345.00, 390.00
1245.00, 375.00, 390.00
1245.00, 405.00, 420.00
1245.00, 435.00, 420.00
1245.00, 465.00, 420.00
1245.00, 495.00, 420.00
1245.00, 525.00, 420.00
1245.00, 555.00, 390.00
1245.00, 585.00, 390.00
1245.00, 615.00, 420.00
1245.00, 645.00, 416.98
1245.00, 675.00, 387.87
1245.00, 705.00, 387.87
1245.00, 735.00, 397.28
1245.00, 765.00, 420.00
1245.00, 795.00, 393.02
1245.00, 825.00, 387.87
1245.00, 855.00, 387.87
1245.00, 885.00, 384.85
1245.00, 915.00, 372.43
1245.00, 945.00, 360.00
1245.00, 975.00, 352.72
1245.00, 1005.00, 347.57
1245.00, 1035.00, 335.15
1245.00, 1065.00, 335.15
1245.00, 1095.00, 345.44
1245.00, 1125.00, 360.00
1245.00, 1155.00, 390.00
1245.00, 1185.00, 420.00
1245.00, 1215.00, 450.00
1245.00, 1245.00, 450.00
1245.00, 1275.00, 450.00
1245.00, 1305.00, 450.00
1245.00, 1335.00, 450.00
1245.00, 1365.00, 450.00
1245.00, 1395.00, 420.00
1245.00, 1425.00, 420.00
1245.00, 1455.00, 420.00
1245.00, 1485.00, 420.00
1245.00, 1515.00, 420.00
1245.00, 1545.00, 420.00
1245.00, 1575.00, 420.00
1245.00, 1605.00, 420.00
1245.00, 1635.00, 450.00
1245.00, 1665.00, 450.00
1245.00, 1695.00, 450.00
1245.00, 1725.00, 450.00
1245.00, 1755.00, 450.00
1245.00, 1785.00, 450.00
1275.00, 15.00, 390.00
1275.00, 45.00, 390.00
1275.00, 75.00, 390.00
1275.00, 105.00, 390.00
1275.00, 135.00, 390.00
1275.00, 165.00, 390.00
1275.00, 195.00, 390.00
1275.00, 225.00, 390.00
1275.00, 255.00, 390.00
1275.00, 285.00, 390.00
1275.00, 315.00, 390.00
1275.00, 345.00, 390.00
1275.00, 375.00, 420.00
1275.00, 405.00, 420.00
1275.00, 435.00, 420.00
1275.00, 465.00, 420.00
1275.00, 495.00, 420.00
1275.00, 525.00, 420.00
1275.00, 555.00, 420.00
1275.00, 585.00, 420.00
1275.00, 615.00, 420.00
1275.00, 645.00, 420.00
1275.00, 675.00, 417.87
1275.00, 705.00, 405.44
1275.00, 735.00, 405.44
1275.00, 765.00, 420.00
1275.00, 795.00, 420.00
1275.00, 825.00, 417.87
1275.00, 855.00, 417.87
1275.00, 885.00, 414.85
1275.00, 915.00, 402.43
1275.00, 945.00, 390.00
1275.00, 975.00, 382.72
1275.00, 1005.00, 377.57
1275.00, 1035.00, 365.15
1275.00, 1065.00, 365.15
1275.00, 1095.00, 375.44
1275.00, 1125.00, 387.87
1275.00, 1155.00, 400.29
1275.00, 1185.00, 420.00
1275.00, 1215.00, 450.00
1275.00, 1245.00, 450.00
1275.00, 1275.00, 450.00
1275.00, 1305.00, 450.00
1275.00, 1335.00, 450.00
1275.00, 1365.00, 420.00
1275.00, 1395.00, 420.00
1275.00, 1425.00, 420.00
1275.00, 1455.00, 420.00
1275.00, 1485.00, 420.00
1275.00, 1515.00, 420.00
1275.00, 1545.00, 420.00
1275.00, 1575.00, 420.00
1275.00, 1605.00, 450.00
1275.00, 1635.00, 450.00
1275.00, 1665.00, 450.00
1275.00, 1695.00, 450.00
1275.00, 1725.00, 450.00
1275.00, 1755.00, 450.00
1275.00, 1785.00, 450.00
1305.00, 15.00, 390.00
1305.00, 45.00, 390.00
1305.00, 75.00, 390.00
1305.00, 105.00, 390.00
1305.00, 135.00, 390.00
1305.00, 165.00, 390.00
1305.00, 195.00, 420.00
1305.00, 225.00, 390.00
1305.00, 255.00, 390.00
1305.00, 285.00, 390.00
1305.00, 315.00, 390.00
1305.00, 345.00, 390.00
1305.00, 375.00, 420.00
1305.00, 405.00, 420.00
1305.00, 435.00, 420.00
1305.00, 465.00, 420.00
1305.00, 495.00, 420.00
1305.00, 525.00, 420.00
1305.00, 555.00, 420.00
1305.00, 585.00, 420.00
1305.00, 615.00, 420.00
1305.00, 645.00, 420.00
1305.00, 675.00, 420.00
1305.00, 705.00, 420.00
1305.00, 735.00, 420.00
1305.00, 765.00, 420.00
1305.00, 795.00, 420.00
1305.00, 825.00, 420.00
1305.00, 855.00, 420.00
1305.00, 885.00, 420.00
1305.00, 915.00, 420.00
1305.00, 945.00, 420.00
1305.00, 975.00, 412.72
1305.00, 1005.00, 407.57
1305.00, 1035.00, 395.15
1305.00, 1065.00, 395.15
1305.00, 1095.00, 405.44
1305.00, 1125.00, 417.87
1305.00, 1155.00, 420.00
1305.00, 1185.00, 420.00
1305.00, 1215.00, 450.00
1305.00, 1245.00, 450.00
1305.00, 1275.00, 450.00
1305.00, 1305.00, 450.00
1305.00, 1335.00, 450.00
1305.00, 1365.00, 420.00
1305.00, 1395.00, 420.00
1305.00, 1425.00, 420.00
1305.00, 1455.00, 420.00
1305.00, 1485.00, 420.00
1305.00, 1515.00, 420.00
1305.00, 1545.00, 420.00
1305.00, 1575.00, 420.00
1305.00, 1605.00, 450.00
1305.00, 1635.00, 450.00
1305.00, 1665.00, 450.00
1305.00, 1695.00, 450.00
1305.00, 1725.00, 450.00
1305.00, 1755.00, 450.00
1305.00, 1785.00, 450.00
1335.00, 15.00, 390.00
1335.00, 45.00, 390.00
1335.00, 75.00, 390.00
1335.00, 105.00, 390.00
1335.00, 135.00, 390.00
1335.00, 165.00, 390.00
1335.00, 195.00, 420.00
1335.00, 225.00, 390.00
1335.00, 255.00, 390.00
1335.00, 285.00, 390.00
1335.00, 315.00, 390.00
1335.00, 345.00, 420.00
1335.00, 375.00, 420.00
1335.00, 405.00, 420.00
1335.00, 435.00, 420.00
1335.00, 465.00, 420.00
1335.00, 495.00, 420.00
1335.00, 525.00, 420.00
1335.00, 555.00, 420.00
1335.00, 585.00, 420.00
1335.00, 615.00, 420.00
1335.00, 645.00, 420.00
1335.00, 675.00, 420.00
1335.00, 705.00, 420.00
1335.00, 735.00, 420.00
1335.00, 765.00, 420.00
1335.00, 795.00, 420.00
1335.00, 825.00, 420.00
1335.00, 855.00, 420.00
1335.00, 885.00, 420.00
1335.00, 915.00, 420.00
1335.00, 945.00, 420.00
1335.00, 975.00, 420.00
1335.00, 1005.00, 420.00
1335.00, 1035.00, 420.00
1335.00, 1065.00, 420.00
1335.00, 1095.00, 420.00
1335.00, 1125.00, 420.00
1335.00, 1155.00, 420.00
1335.00, 1185.00, 420.00
1335.00, 1215.00, 450.00
1335.00, 1245.00, 450.00
1335.00, 1275.00, 420.00
1335.00, 1305.00, 420.00
1335.00, 1335.00, 420.00
1335.00, 1365.00, 420.00
1335.00, 1395.00, 420.00
1335.00, 1425.00, 420.00
1335.00, 1455.00, 420.00
1335.00, 1485.00, 420.00
1335.00, 1515.00, 450.00
1335.00, 1545.00, 450.00
1335.00, 1575.00, 450.00
1335.00, 1605.00, 450.00
1335.00, 1635.00, 450.00
1335.00, 1665.00, 450.00
1335.00, 1695.00, 450.00
1335.00, 1725.00, 450.00
1335.00, 1755.00, 450.00
1335.00, 1785.00, 450.00
1365.00, 15.00, 390.00
1365.00, 45.00, 390.00
1365.00, 75.00, 390.00
1365.00, 105.00, 390.00
1365.00, 135.00, 390.00
1365.00, 165.00, 420.00
1365.00, 195.00, 420.00
1365.00, 225.00, 420.00
1365.00, 255.00, 420.00
1365.00, 285.00, 420.00
1365.00, 315.00, 420.00
1365.00, 345.00, 420.00
1365.00, 375.00, 420.00
1365.00, 405.00, 420.00
1365.00, 435.00, 420.00
1365.00, 465.00, 420.00
1365.00, 495.00, 420.00
1365.00, 525.00, 420.00
1365.00, 555.00, 420.00
1365.00, 585.00, 420.00
1365.00, 615.00, 420.00
1365.00, 645.00, 420.00
1365.00, 675.00, 420.00
1365.00, 705.00, 420.00
1365.00, 735.00, 420.00
1365.00, 765.00, 420.00
1365.00, 795.00, 420.00
1365.00, 825.00, 420.00
1365.00, 855.00, 420.00
1365.00, 885.00, 420.00
1365.00, 915.00, 420.00
1365.00, 945.00, 420.00
1365.00, 975.00, 420.00
1365.00, 1005.00, 420.00
1365.00, 1035.00, 420.00
1365.00, 1065.00, 420.00
1365.00, 1095.00, 420.00
1365.00, 1125.00, 420.00
1365.00, 1155.00, 420.00
1365.00, 1185.00, 420.00
1365.00, 1215.00, 450.00
1365.00, 1245.00, 450.00
1365.00, 1275.00, 450.00
1365.00, 1305.00, 420.00
1365.00, 1335.00, 420.00
1365.00, 1365.00, 420.00
1365.00, 1395.00, 420.00
1365.00, 1425.00, 420.00
1365.00, 1455.00, 420.00
1365.00, 1485.00, 450.00
1365.00, 1515.00, 450.00
1365.00, 1545.00, 450.00
1365.00, 1575.00, 450.00
1365.00, 1605.00, 450.00
1365.00, 1635.00, 450.00
1365.00, 1665.00, 450.00
1365.00, 1695.00, 450.00
1365.00, 1725.00, 450.00
1365.00, 1755.00, 450.00
1365.00, 1785.00, 450.00
1395.00, 15.00, 420.00
1395.00, 45.00, 420.00
1395.00, 75.00, 390.00
1395.00, 105.00, 420.00
1395.00, 135.00, 420.00
1395.00, 165.00, 420.00
1395.00, 195.00, 420.00
1395.00, 225.00, 420.00
1395.00, 255.00, 420.00
1395.00, 285.00, 420.00
1395.00, 315.00, 420.00
1395.00, 345.00, 420.00
1395.00, 375.00, 420.00
1395.00, 405.00, 420.00
1395.00, 435.00, 420.00
1395.00, 465.00, 420.00
1395.00, 495.00, 420.00
1395.00, 525.00, 420.00
1395.00, 555.00, 420.00
1395.00, 585.00, 420.00
1395.00, 615.00, 420.00
1395.00, 645.00, 420.00
1395.00, 675.00, 420.00
1395.00, 705.00, 420.00
1395.00, 735.00, 420.00
1395.00, 765.00, 420.00
1395.00, 795.00, 420.00
1395.00, 825.00, 420.00
1395.00, 855.00, 420.00
1395.00, 885.00, 420.00
1395.00, 915.00, 420.00
1395.00, 945.00, 420.00
1395.00, 975.00, 420.00
1395.00, 1005.00, 420.00
1395.00, 1035.00, 420.00
1395.00, 1065.00, 420.00
1395.00, 1095.00, 420.00
1395.00, 1125.00, 420.00
1395.00, 1155.00, 420.00
1395.00, 1185.00, 420.00
1395.00, 1215.00, 450.00
1395.00, 1245.00, 450.00
1395.00, 1275.00, 450.00
1395.00, 1305.00, 420.00
1395.00, 1335.00, 420.00
1395.00, 1365.00, 420.00
1395.00, 1395.00, 420.00
1395.00, 1425.00, 450.00
1395.00, 1455.00, 450.00
1395.00, 1485.00, 450.00
1395.00, 1515.00, 450.00
1395.00, 1545.00, 450.00
1395.00, 1575.00, 450.00
1395.00, 1605.00, 450.00
1395.00, 1635.00, 450.00
1395.00, 1665.00, 450.00
1395.00, 1695.00, 450.00
1395.00, 1725.00, 450.00
1395.00, 1755.00, 450.00
1395.00, 1785.00, 450.00
1425.00, 15.00, 420.00
1425.00, 45.00, 420.00
1425.00, 75.00, 420.00
1425.00, 105.00, 420.00
1425.00, 135.00, 420.00
1425.00, 165.00, 420.00
1425.00, 195.00, 420.00
1425.00, 225.00, 420.00
1425.00, 255.00, 420.00
1425.00, 285.00, 420.00
1425.00, 315.00, 420.00
1425.00, 345.00, 420.00
1425.00, 375.00, 420.00
1425.00, 405.00, 420.00
1425.00, 435.00, 420.00
1425.00, 465.00, 420.00
1425.00, 495.00, 420.00
1425.00, 525.00, 420.00
1425.00, 555.00, 420.00
1425.00, 585.00, 420.00
1425.00, 615.00, 420.00
1425.00, 645.00, 420.00
1425.00, 675.00, 420.00
1425.00, 705.00, 420.00
1425.00, 735.00, 420.00
1425.00, 765.00, 420.00
1425.00, 795.00, 420.00
1425.00, 825.00, 420.00
1425.00, 855.00, 420.00
1425.00, 885.00, 420.00
1425.00, 915.00, 420.00
1425.00, 945.00, 420.00
1425.00, 975.00, 420.00
1425.00, 1005.00, 420.00
1425.00, 1035.00, 420.00
1425.00, 1065.00, 420.00
1425.00, 1095.00, 420.00
1425.00, 1125.00, 420.00
1425.00, 1155.00, 420.00
1425.00, 1185.00, 420.00
1425.00, 1215.00, 450.00
1425.00, 1245.00, 450.00
1425.00, 1275.00, 450.00
1425.00, 1305.00, 450.00
1425.00, 1335.00, 420.00
1425.00, 1365.00, 450.00
1425.00, 1395.00, 450.00
1425.00, 1425.00, 450.00
1425.00, 1455.00, 450.00
1425.00, 1485.00, 450.00
1425.00, 1515.00, 450.00
1425.00, 1545.00, 450.00
1425.00, 1575.00, 450.00
1425.00, 1605.00, 450.00
1425.00, 1635.00, 450.00
1425.00, 1665.00, 450.00
1425.00, 1695.00, 450.00
1425.00, 1725.00, 450.00
1425.00, 1755.00, 450.00
1425.00, 1785.00, 450.00
1455.00, 15.00, 420.00
1455.00, 45.00, 420.00
1455.00, 75.00, 420.00
1455.00, 105.00, 420.00
1455.00, 135.00, 420.00
1455.00, 165.00, 420.00
1455.00, 195.00, 420.00
1455.00, 225.00, 420.00
1455.00, 255.00, 420.00
1455.00, 285.00, 420.00
1455.00, 315.00, 420.00
1455.00, 345.00, 420.00
1455.00, 375.00, 420.00
1455.00, 405.00, 420.00
1455.00, 435.00, 420.00
1455.00, 465.00, 420.00
1455.00, 495.00, 420.00
1455.00, 525.00, 420.00
1455.00, 555.00, 420.00
1455.00, 585.00, 420.00
1455.00, 615.00, 420.00
1455.00, 645.00, 420.00
1455.00, 675.00, 420.00
1455.00, 705.00, 420.00
1455.00, 735.00, 420.00
1455.00, 765.00, 420.00
1455.00, 795.00, 420.00
1455.00, 825.00, 420.00
1455.00, 855.00, 420.00
1455.00, 885.00, 420.00
1455.00, 915.00, 420.00
1455.00, 945.00, 420.00
1455.00, 975.00, 420.00
1455.00, 1005.00, 420.00
1455.00, 1035.00, 420.00
1455.00, 1065.00, 420.00
1455.00, 1095.00, 420.00
1455.00, 1125.00, 420.00
1455.00, 1155.00, 420.00
1455.00, 1185.00, 420.00
1455.00, 1215.00, 450.00
1455.00, 1245.00, 450.00
1455.00, 1275.00, 450.00
1455.00, 1305.00, 450.00
1455.00, 1335.00, 450.00
1455.00, 1365.00, 450.00
1455.00, 1395.00, 450.00
1455.00, 1425.00, 450.00
1455.00, 1455.00, 450.00
1455.00, 1485.00, 450.00
1455.00, 1515.00, 450.00
1455.00, 1545.00, 450.00
1455.00, 1575.00, 450.00
1455.00, 1605.00, 450.00
1455.00, 1635.00, 450.00
1455.00, 1665.00, 450.00
1455.00, 1695.00, 450.00
1455.00, 1725.00, 450.00
1455.00, 1755.00, 450.00
1455.00, 1785.00, 450.00
1485.00, 15.00, 420.00
1485.00, 45.00, 420.00
1485.00, 75.00, 420.00
1485.00, 105.00, 420.00
1485.00, 135.00, 420.00
1485.00, 165.00, 420.00
1485.00, 195.00, 420.00
1485.00, 225.00, 420.00
1485.00, 255.00, 420.00
1485.00, 285.00, 420.00
1485.00, 315.00, 420.00
1485.00, 345.00, 420.00
1485.00, 375.00, 420.00
1485.00, 405.00, 420.00
1485.00, 435.00, 420.00
1485.00, 465.00, 420.00
1485.00, 495.00, 420.00
1485.00, 525.00, 420.00
1485.00, 555.00, 420.00
1485.00, 585.00, 420.00
1485.00, 615.00, 420.00
1485.00, 645.00, 420.00
1485.00, 675.00, 420.00
1485.00, 705.00, 420.00
1485.00, 735.00, 420.00
1485.00, 765.00, 420.00
1485.00, 795.00, 420.00
1485.00, 825.00, 420.00
1485.00, 855.00, 420.00
1485.00, 885.00, 420.00
1485.00, 915.00, 420.00
1485.00, 945.00, 420.00
1485.00, 975.00, 420.00
1485.00, 1005.00, 420.00
1485.00, 1035.00, 420.00
1485.00, 1065.00, 420.00
1485.00, 1095.00, 420.00
1485.00, 1125.00, 450.00
1485.00, 1155.00, 450.00
1485.00, 1185.00, 450.00
1485.00, 1215.00, 450.00
1485.00, 1245.00, 450.00
1485.00, 1275.00, 450.00
1485.00, 1305.00, 450.00
1485.00, 1335.00, 450.00
1485.00, 1365.00, 450.00
1485.00, 1395.00, 450.00
1485.00, 1425.00, 450.00
1485.00, 1455.00, 450.00
1485.00, 1485.00, 450.00
1485.00, 1515.00, 450.00
1485.00, 1545.00, 450.00
1485.00, 1575.00, 450.00
1485.00, 1605.00, 450.00
1485.00, 1635.00, 450.00
1485.00, 1665.00, 450.00
1485.00, 1695.00, 450.00
1485.00, 1725.00, 450.00
1485.00, 1755.00, 450.00
1485.00, 1785.00, 450.00
1515.00, 15.00, 420.00
1515.00, 45.00, 420.00
1515.00, 75.00, 420.00
1515.00, 105.00, 420.00
1515.00, 135.00, 420.00
1515.00, 165.00, 420.00
1515.00, 195.00, 420.00
1515.00, 225.00, 420.00
1515.00, 255.00, 420.00
1515.00, 285.00, 420.00
1515.00, 315.00, 420.00
1515.00, 345.00, 420.00
1515.00, 375.00, 420.00
1515.00, 405.00, 420.00
1515.00, 435.00, 420.00
1515.00, 465.00, 420.00
1515.00, 495.00, 420.00
1515.00, 525.00, 420.00
1515.00, 555.00, 420.00
1515.00, 585.00, 420.00
1515.00, 615.00, 420.00
1515.00, 645.00, 420.00
1515.00, 675.00, 420.00
1515.00, 705.00, 420.00
1515.00, 735.00, 420.00
1515.00, 765.00, 420.00
1515.00, 795.00, 420.00
1515.00, 825.00, 420.00
1515.00, 855.00, 420.00
1515.00, 885.00, 420.00
1515.00, 915.00, 420.00
1515.00, 945.00, 420.00
1515.00, 975.00, 420.00
1515.00, 1005.00, 420.00
1515.00, 1035.00, 420.00
1515.00, 1065.00, 450.00
1515.00, 1095.00, 450.00
1515.00, 1125.00, 450.00
1515.00, 1155.00, 450.00
1515.00, 1185.00, 450.00
1515.00, 1215.00, 450.00
1515.00, 1245.00, 450.00
1515.00, 1275.00, 450.00
1515.00, 1305.00, 450.00
1515.00, 1335.00, 450.00
1515.00, 1365.00, 450.00
1515.00, 1395.00, 450.00
1515.00, 1425.00, 450.00
1515.00, 1455.00, 450.00
1515.00, 1485.00, 450.00
1515.00, 1515.00, 450.00
1515.00, 1545.00, 450.00
1515.00, 1575.00, 450.00
1515.00, 1605.00, 450.00
1515.00, 1635.00, 450.00
1515.00, 1665.00, 450.00
1515.00, 1695.00, 450.00
1515.00, 1725.00, 450.00
1515.00, 1755.00, 450.00
1515.00, 1785.00, 450.00
1545.00, 15.00, 420.00
1545.00, 45.00, 420.00
1545.00, 75.00, 420.00
1545.00, 105.00, 420.00
1545.00, 135.00, 420.00
1545.00, 165.00, 420.00
1545.00, 195.00, 420.00
1545.00, 225.00, 420.00
1545.00, 255.00, 420.00
1545.00, 285.00, 420.00
1545.00, 315.00, 420.00
1545.00, 345.00, 420.00
1545.00, 375.00, 420.00
1545.00, 405.00, 420.00
1545.00, 435.00, 420.00
1545.00, 465.00, 420.00
1545.00, 495.00, 420.00
1545.00, 525.00, 420.00
1545.00, 555.00, 420.00
1545.00, 585.00, 420.00
1545.00, 615.00, 420.00
1545.00, 645.00, 420.00
1545.00, 675.00, 420.00
1545.00, 705.00, 420.00
1545.00, 735.00, 420.00
1545.00, 765.00, 420.00
1545.00, 795.00, 420.00
1545.00, 825.00, 420.00
1545.00, 855.00, 420.00
1545.00, 885.00, 420.00
1545.00, 915.00, 420.00
1545.00, 945.00, 420.00
1545.00, 975.00, 450.00
1545.00, 1005.00, 450.00
1545.00, 1035.00, 450.00
1545.00, 1065.00, 450.00
1545.00, 1095.00, 450.00
1545.00, 1125.00, 450.00
1545.00, 1155.00, 450.00
1545.00, 1185.00, 450.00
1545.00, 1215.00, 450.00
1545.00, 1245.00, 450.00
1545.00, 1275.00, 450.00
1545.00, 1305.00, 450.00
1545.00, 1335.00, 450.00
1545.00, 1365.00, 450.00
1545.00, 1395.00, 450.00
1545.00, 1425.00, 450.00
1545.00, 1455.00, 450.00
1545.00, 1485.00, 450.00
1545.00, 1515.00, 450.00
1545.00, 1545.00, 450.00
1545.00, 1575.00, 450.00
1545.00, 1605.00, 450.00
1545.00, 1635.00, 450.00
1545.00, 1665.00, 450.00
1545.00, 1695.00, 450.00
1545.00, 1725.00, 450.00
1545.00, 1755.00, 450.00
1545.00, 1785.00, 450.00
1575.00, 15.00, 420.00
1575.00, 45.00, 420.00
1575.00, 75.00, 420.00
1575.00, 105.00, 420.00
1575.00, 135.00, 420.00
1575.00, 165.00, 420.00
1575.00, 195.00, 420.00
1575.00, 225.00, 420.00
1575.00, 255.00, 420.00
1575.00, 285.00, 420.00
1575.00, 315.00, 420.00
1575.00, 345.00, 420.00
1575.00, 375.00, 420.00
1575.00, 405.00, 420.00
1575.00, 435.00, 420.00
1575.00, 465.00, 420.00
1575.00, 495.00, 420.00
1575.00, 525.00, 420.00
1575.00, 555.00, 420.00
1575.00, 585.00, 420.00
1575.00, 615.00, 420.00
1575.00, 645.00, 420.00
1575.00, 675.00, 420.00
1575.00, 705.00, 420.00
1575.00, 735.00, 420.00
1575.00, 765.00, 420.00
1575.00, 795.00, 420.00
1575.00, 825.00, 420.00
1575.00, 855.00, 420.00
1575.00, 885.00, 420.00
1575.00, 915.00, 450.00
1575.00, 945.00, 450.00
1575.00, 975.00, 450.00
1575.00, 1005.00, 450.00
1575.00, 1035.00, 450.00
1575.00, 1065.00, 450.00
1575.00, 1095.00, 450.00
1575.00, 1125.00, 450.00
1575.00, 1155.00, 450.00
1575.00, 1185.00, 450.00
1575.00, 1215.00, 450.00
1575.00, 1245.00, 450.00
1575.00, 1275.00, 450.00
1575.00, 1305.00, 450.00
1575.00, 1335.00, 450.00
1575.00, 1365.00, 450.00
1575.00, 1395.00, 450.00
1575.00, 1425.00, 450.00
1575.00, 1455.00, 450.00
1575.00, 1485.00, 450.00
1575.00, 1515.00, 450.00
1575.00, 1545.00, 450.00
1575.00, 1575.00, 450.00
1575.00, 1605.00, 450.00
1575.00, 1635.00, 450.00
1575.00, 1665.00, 450.00
1575.00, 1695.00, 450.00
1575.00, 1725.00, 450.00
1575.00, 1755.00, 450.00
1575.00, 1785.00, 450.00
1605.00, 15.00, 420.00
1605.00, 45.00, 420.00
1605.00, 75.00, 420.00
1605.00, 105.00, 420.00
1605.00, 135.00, 420.00
1605.00, 165.00, 420.00
1605.00, 195.00, 420.00
1605.00, 225.00, 420.00
1605.00, 255.00, 420.00
1605.00, 285.00, 420.00
1605.00, 315.00, 420.00
1605.00, 345.00, 420.00
1605.00, 375.00, 420.00
1605.00, 405.00, 420.00
1605.00, 435.00, 420.00
1605.00, 465.00, 420.00
1605.00, 495.00, 420.00
1605.00, 525.00, 420.00
1605.00, 555.00, 420.00
1605.00, 585.00, 420.00
1605.00, 615.00, 420.00
1605.00, 645.00, 420.00
1605.00, 675.00, 420.00
1605.00, 705.00, 420.00
1605.00, 735.00, 420.00
1605.00, 765.00, 420.00
1605.00, 795.00, 420.00
1605.00, 825.00, 420.00
1605.00, 855.00, 450.00
1605.00, 885.00, 450.00
1605.00, 915.00, 450.00
1605.00, 945.00, 450.00
1605.00, 975.00, 450.00
1605.00, 1005.00, 450.00
1605.00, 1035.00, 450.00
1605.00, 1065.00, 450.00
1605.00, 1095.00, 450.00
1605.00, 1125.00, 450.00
1605.00, 1155.00, 450.00
1605.00, 1185.00, 450.00
1605.00, 1215.00, 450.00
1605.00, 1245.00, 450.00
1605.00, 1275.00, 450.00
1605.00, 1305.00, 450.00
1605.00, 1335.00, 450.00
1605.00, 1365.00, 450.00
1605.00, 1395.00, 450.00
1605.00, 1425.00, 450.00
1605.00, 1455.00, 450.00
1605.00, 1485.00, 450.00
1605.00, 1515.00, 450.00
1605.00, 1545.00, 450.00
1605.00, 1575.00, 450.00
1605.00, 1605.00, 450.00
1605.00, 1635.00, 450.00
1605.00, 1665.00, 450.00
1605.00, 1695.00, 450.00
1605.00, 1725.00, 450.00
1605.00, 1755.00, 450.00
1605.00, 1785.00, 450.00
1635.00, 15.00, 420.00
1635.00, 45.00, 420.00
1635.00, 75.00, 420.00
1635.00, 105.00, 420.00
1635.00, 135.00, 420.00
1635.00, 165.00, 420.00
1635.00, 195.00, 420.00
1635.00, 225.00, 420.00
1635.00, 255.00, 420.00
1635.00, 285.00, 420.00
1635.00, 315.00, 420.00
1635.00, 345.00, 420.00
1635.00, 375.00, 420.00
1635.00, 405.00, 420.00
1635.00, 435.00, 450.00
1635.00, 465.00, 450.00
1635.00, 495.00, 420.00
1635.00, 525.00, 420.00
1635.00, 555.00, 420.00
1635.00, 585.00, 420.00
1635.00, 615.00, 420.00
1635.00, 645.00, 420.00
1635.00, 675.00, 420.00
1635.00, 705.00, 420.00
1635.00, 735.00, 420.00
1635.00, 765.00, 420.00
1635.00, 795.00, 450.00
1635.00, 825.00, 450.00
1635.00, 855.00, 450.00
1635.00, 885.00, 450.00
1635.00, 915.00, 450.00
1635.00, 945.00, 450.00
1635.00, 975.00, 450.00
1635.00, 1005.00, 450.00
1635.00, 1035.00, 450.00
1635.00, 1065.00, 450.00
1635.00, 1095.00, 450.00
1635.00, 1125.00, 450.00
1635.00, 1155.00, 450.00
1635.00, 1185.00, 450.00
1635.00, 1215.00, 450.00
1635.00, 1245.00, 450.00
1635.00, 1275.00, 450.00
1635.00, 1305.00, 450.00
1635.00, 1335.00, 450.00
1635.00, 1365.00, 450.00
1635.00, 1395.00, 450.00
1635.00, 1425.00, 450.00
1635.00, 1455.00, 450.00
1635.00, 1485.00, 450.00
1635.00, 1515.00, 450.00
1635.00, 1545.00, 450.00
1635.00, 1575.00, 450.00
1635.00, 1605.00, 450.00
1635.00, 1635.00, 450.00
1635.00, 1665.00, 450.00
1635.00, 1695.00, 450.00
1635.00, 1725.00, 450.00
1635.00, 1755.00, 450.00
1635.00, 1785.00, 480.00
1665.00, 15.00, 420.00
1665.00, 45.00, 420.00
1665.00, 75.00, 420.00
1665.00, 105.00, 420.00
1665.00, 135.00, 420.00
1665.00, 165.00, 420.00
1665.00, 195.00, 420.00
1665.00, 225.00, 420.00
1665.00, 255.00, 420.00
1665.00, 285.00, 420.00
1665.00, 315.00, 420.00
1665.00, 345.00, 420.00
1665.00, 375.00, 420.00
1665.00, 405.00, 450.00
1665.00, 435.00, 450.00
1665.00, 465.00, 450.00
1665.00, 495.00, 450.00
1665.00, 525.00, 450.00
1665.00, 555.00, 420.00
1665.00, 585.00, 420.00
1665.00, 615.00, 420.00
1665.00, 645.00, 420.00
1665.00, 675.00, 420.00
1665.00, 705.00, 420.00
1665.00, 735.00, 450.00
1665.00, 765.00, 450.00
1665.00, 795.00, 450.00
1665.00, 825.00, 450.00
1665.00, 855.00, 450.00
1665.00, 885.00, 450.00
1665.00, 915.00, 450.00
1665.00, 945.00, 450.00
1665.00, 975.00, 450.00
1665.00, 1005.00, 450.00
1665.00, 1035.00, 450.00
1665.00, 1065.00, 450.00
1665.00, 1095.00, 450.00
1665.00, 1125.00, 450.00
1665.00, 1155.00, 450.00
1665.00, 1185.00, 450.00
1665.00, 1215.00, 450.00
1665.00, 1245.00, 450.00
1665.00, 1275.00, 450.00
1665.00, 1305.00, 450.00
1665.00, 1335.00, 450.00
1665.00, 1365.00, 450.00
1665.00, 1395.00, 450.00
1665.00, 1425.00, 450.00
1665.00, 1455.00, 450.00
1665.00, 1485.00, 450.00
1665.00, 1515.00, 450.00
1665.00, 1545.00, 450.00
1665.00, 1575.00, 450.00
1665.00, 1605.00, 450.00
1665.00, 1635.00, 450.00
1665.00, 1665.00, 450.00
1665.00, 1695.00, 450.00
1665.00, 1725.00, 450.00
1665.00, 1755.00, 480.00
1665.00, 1785.00, 480.00
1695.00, 15.00, 420.00
1695.00, 45.00, 420.00
1695.00, 75.00, 420.00
1695.00, 105.00, 420.00
1695.00, 135.00, 420.00
1695.00, 165.00, 420.00
1695.00, 195.00, 420.00
1695.00, 225.00, 420.00
1695.00, 255.00, 420.00
1695.00, 285.00, 420.00
1695.00, 315.00, 450.00
1695.00, 345.00, 450.00
1695.00, 375.00, 450.00
1695.00, 405.00, 450.00
1695.00, 435.00, 450.00
1695.00, 465.00, 450.00
1695.00, 495.00, 450.00
1695.00, 525.00, 450.00
1695.00, 555.00, 450.00
1695.00, 585.00, 420.00
1695.00, 615.00, 420.00
1695.00, 645.00, 420.00
1695.00, 675.00, 450.00
1695.00, 705.00, 450.00
1695.00, 735.00, 450.00
1695.00, 765.00, 450.00
1695.00, 795.00, 450.00
1695.00, 825.00, 450.00
1695.00, 855.00, 450.00
1695.00, 885.00, 450.00
1695.00, 915.00, 450.00
1695.00, 945.00, 450.00
1695.00, 975.00, 450.00
1695.00, 1005.00, 450.00
1695.00, 1035.00, 450.00
1695.00, 1065.00, 450.00
1695.00, 1095.00, 450.00
1695.00, 1125.00, 450.00
1695.00, 1155.00, 450.00
1695.00, 1185.00, 450.00
1695.00, 1215.00, 450.00
1695.00, 1245.00, 450.00
1695.00, 1275.00, 450.00
1695.00, 1305.00, 450.00
1695.00, 1335.00, 450.00
1695.00, 1365.00, 450.00
1695.00, 1395.00, 450.00
1695.00, 1425.00, 450.00
1695.00, 1455.00, 450.00
1695.00, 1485.00, 450.00
1695.00, 1515.00, 450.00
1695.00, 1545.00, 450.00
1695.00, 1575.00, 450.00
1695.00, 1605.00, 450.00
1695.00, 1635.00, 450.00
1695.00, 1665.00, 450.00
1695.00, 1695.00, 450.00
1695.00, 1725.00, 480.00
1695.00, 1755.00, 480.00
1695.00, 1785.00, 480.00
1725.00, 15.00, 420.00
1725.00, 45.00, 420.00
1725.00, 75.00, 420.00
1725.00, 105.00, 420.00
1725.00, 135.00, 420.00
1725.00, 165.00, 420.00
1725.00, 195.00, 420.00
1725.00, 225.00, 420.00
1725.00, 255.00, 420.00
1725.00, 285.00, 450.00
1725.00, 315.00, 450.00
1725.00, 345.00, 450.00
1725.00, 375.00, 450.00
1725.00, 405.00, 450.00
1725.00, 435.00, 450.00
1725.00, 465.00, 450.00
1725.00, 495.00, 450.00
1725.00, 525.00, 450.00
1725.00, 555.00, 450.00
1725.00, 585.00, 450.00
1725.00, 615.00, 450.00
1725.00, 645.00, 450.00
1725.00, 675.00, 450.00
1725.00, 705.00, 450.00
1725.00, 735.00, 450.00
1725.00, 765.00, 450.00
1725.00, 795.00, 450.00
1725.00, 825.00, 450.00
1725.00, 855.00, 450.00
1725.00, 885.00, 450.00
1725.00, 915.00, 450.00
1725.00, 945.00, 450.00
1725.00, 975.00, 450.00
1725.00, 1005.00, 450.00
1725.00, 1035.00, 450.00
1725.00, 1065.00, 450.00
1725.00, 1095.00, 450.00
1725.00, 1125.00, 450.00
1725.00, 1155.00, 450.00
1725.00, 1185.00, 450.00
1725.00, 1215.00, 450.00
1725.00, 1245.00, 450.00
1725.00, 1275.00, 450.00
1725.00, 1305.00, 450.00
1725.00, 1335.00, 450.00
1725.00, 1365.00, 450.00
1725.00, 1395.00, 450.00
1725.00, 1425.00, 450.00
1725.00, 1455.00, 450.00
1725.00, 1485.00, 450.00
1725.00, 1515.00, 450.00
1725.00, 1545.00, 450.00
1725.00, 1575.00, 450.00
1725.00, 1605.00, 450.00
1725.00, 1635.00, 450.00
1725.00, 1665.00, 480.00
1725.00, 1695.00, 480.00
1725.00, 1725.00, 480.00
1725.00, 1755.00, 480.00
1725.00, 1785.00, 510.00
1755.00, 15.00, 420.00
1755.00, 45.00, 420.00
1755.00, 75.00, 420.00
1755.00, 105.00, 420.00
1755.00, 135.00, 420.00
1755.00, 165.00, 420.00
1755.00, 195.00, 420.00
1755.00, 225.00, 450.00
1755.00, 255.00, 450.00
1755.00, 285.00, 450.00
1755.00, 315.00, 450.00
1755.00, 345.00, 450.00
1755.00, 375.00, 450.00
1755.00, 405.00, 450.00
1755.00, 435.00, 450.00
1755.00, 465.00, 450.00
1755.00, 495.00, 450.00
1755.00, 525.00, 450.00
1755.00, 555.00, 450.00
1755.00, 585.00, 450.00
1755.00, 615.00, 450.00
1755.00, 645.00, 450.00
1755.00, 675.00, 450.00
1755.00, 705.00, 450.00
1755.00, 735.00, 450.00
1755.00, 765.00, 450.00
1755.00, 795.00, 450.00
1755.00, 825.00, 450.00
1755.00, 855.00, 450.00
1755.00, 885.00, 450.00
1755.00, 915.00, 450.00
1755.00, 945.00, 450.00
1755.00, 975.00, 450.00
1755.00, 1005.00, 450.00
1755.00, 1035.00, 450.00
1755.00, 1065.00, 450.00
1755.00, 1095.00, 450.00
1755.00, 1125.00, 450.00
1755.00, 1155.00, 450.00
1755.00, 1185.00, 450.00
1755.00, 1215.00, 450.00
1755.00, 1245.00, 450.00
1755.00, 1275.00, 450.00
1755.00, 1305.00, 450.00
1755.00, 1335.00, 450.00
1755.00, 1365.00, 450.00
1755.00, 1395.00, 450.00
1755.00, 1425.00, 450.00
1755.00, 1455.00, 450.00
1755.00, 1485.00, 450.00
1755.00, 1515.00, 450.00
1755.00, 1545.00, 450.00
1755.00, 1575.00, 450.00
1755.00, 1605.00, 467.57
1755.00, 1635.00, 480.00
1755.00, 1665.00, 480.00
1755.00, 1695.00, 480.00
1755.00, 1725.00, 510.00
1755.00, 1755.00, 510.00
1755.00, 1785.00, 510.00
1785.00, 15.00, 420.00
1785.00, 45.00, 420.00
1785.00, 75.00, 420.00
1785.00, 105.00, 420.00
1785.00, 135.00, 450.00
1785.00, 165.00, 450.00
1785.00, 195.00, 450.00
1785.00, 225.00, 450.00
1785.00, 255.00, 450.00
1785.00, 285.00, 450.00
1785.00, 315.00, 450.00
1785.00, 345.00, 450.00
1785.00, 375.00, 450.00
1785.00, 405.00, 450.00
1785.00, 435.00, 450.00
1785.00, 465.00, 450.00
1785.00, 495.00, 450.00
1785.00, 525.00, 450.00
1785.00, 555.00, 450.00
1785.00, 585.00, 450.00
1785.00, 615.00, 450.00
1785.00, 645.00, 450.00
1785.00, 675.00, 450.00
1785.00, 705.00, 450.00
1785.00, 735.00, 450.00
1785.00, 765.00, 450.00
1785.00, 795.00, 450.00
1785.00, 825.00, 450.00
1785.00, 855.00, 450.00
1785.00, 885.00, 450.00
1785.00, 915.00, 450.00
1785.00, 945.00, 450.00
1785.00, 975.00, 450.00
1785.00, 1005.00, 450.00
1785.00, 1035.00, 450.00
1785.00, 1065.00, 450.00
1785.00, 1095.00, 450.00
1785.00, 1125.00, 450.00
1785.00, 1155.00, 450.00
1785.00, 1185.00, 450.00
1785.00, 1215.00, 450.00
1785.00, 1245.00, 450.00
1785.00, 1275.00, 450.00
1785.00, 1305.00, 450.00
1785.00, 1335.00, 450.00
1785.00, 1365.00, 450.00
1785.00, 1395.00, 450.00
1785.00, 1425.00, 450.00
1785.00, 1455.00, 450.00
1785.00, 1485.00, 450.00
1785.00, 1515.00, 450.00
1785.00, 1545.00, 480.00
1785.00, 1575.00, 480.00
1785.00, 1605.00, 480.00
1785.00, 1635.00, 510.00
1785.00, 1665.00, 510.00
1785.00, 1695.00, 510.00
1785.00, 1725.00, 510.00
1785.00, 1755.00, 510.00
1785.00, 1785.00, 510.00
1815.00, 15.00, 420.00
1815.00, 45.00, 420.00
1815.00, 75.00, 420.00
1815.00, 105.00, 420.00
1815.00, 135.00, 450.00
1815.00, 165.00, 420.00
1815.00, 195.00, 420.00
1815.00, 225.00, 420.00
1815.00, 255.00, 420.00
1815.00, 285.00, 420.00
1815.00, 315.00, 450.00
1815.00, 345.00, 450.00
1815.00, 375.00, 450.00
1815.00, 405.00, 450.00
1815.00, 435.00, 450.00
1815.00, 465.00, 450.00
1815.00, 495.00, 450.00
1815.00, 525.00, 450.00
1815.00, 555.00, 450.00
1815.00, 585.00, 450.00
1815.00, 615.00, 450.00
1815.00, 645.00, 450.00
1815.00, 675.00, 450.00
1815.00, 705.00, 450.00
1815.00, 735.00, 450.00
1815.00, 765.00, 450.00
1815.00, 795.00, 450.00
1815.00, 825.00, 450.00
1815.00, 855.00, 450.00
1815.00, 885.00, 450.00
1815.00, 915.00, 450.00
1815.00, 945.00, 450.00
1815.00, 975.00, 450.00
1815.00, 1005.00, 450.00
1815.00, 1035.00, 450.00
1815.00, 1065.00, 450.00
1815.00, 1095.00, 450.00
1815.00, 1125.00, 450.00
1815.00, 1155.00, 450.00
1815.00, 1185.00, 450.00
1815.00, 1215.00, 450.00
1815.00, 1245.00, 450.00
1815.00, 1275.00, 450.00
1815.00, 1305.00, 450.00
1815.00, 1335.00, 450.00
1815.00, 1365.00, 450.00
1815.00, 1395.00, 450.00
1815.00, 1425.00, 450.00
1815.00, 1455.00, 450.00
1815.00, 1485.00, 480.00
1815.00, 1515.00, 480.00
1815.00, 1545.00, 480.00
1815.00, 1575.00, 510.00
1815.00, 1605.00, 510.00
1815.00, 1635.00, 510.00
1815.00, 1665.00, 510.00
1815.00, 1695.00, 510.00
1815.00, 1725.00, 510.00
1815.00, 1755.00, 510.00
1815.00, 1785.00, 510.00