East, North, Elevation
15.00, 15.00, 420.00
15.00, 45.00, 420.00
15.00, 75.00, 420.00
15.00, 105.00, 420.00
15.00, 135.00, 420.00
15.00, 165.00, 420.00
15.00, 195.00, 420.00
15.00, 225.00, 420.00
15.00, 255.00, 420.00
15.00, 285.00, 420.00
15.00, 315.00, 450.00
15.00, 345.00, 450.00
15.00, 375.00, 450.00
15.00, 405.00, 450.00
15.00, 435.00, 450.00
15.00, 465.00, 450.00
15.00, 495.00, 450.00
15.00, 525.00, 450.00
15.00, 555.00, 450.00
15.00, 585.00, 450.00
15.00, 615.00, 450.00
15.00, 645.00, 450.00
15.00, 675.00, 450.00
15.00, 705.00, 450.00
15.00, 735.00, 450.00
15.00, 765.00, 450.00
15.00, 795.00, 450.00
15.00, 825.00, 450.00
15.00, 855.00, 450.00
15.00, 885.00, 450.00
15.00, 915.00, 450.00
15.00, 945.00, 450.00
15.00, 975.00, 450.00
15.00, 1005.00, 450.00
15.00, 1035.00, 450.00
15.00, 1065.00, 450.00
15.00, 1095.00, 450.00
15.00, 1125.00, 450.00
15.00, 1155.00, 450.00
15.00, 1185.00, 450.00
15.00, 1215.00, 450.00
15.00, 1245.00, 450.00
15.00, 1275.00, 450.00
15.00, 1305.00, 450.00
15.00, 1335.00, 450.00
15.00, 1365.00, 450.00
15.00, 1395.00, 450.00
15.00, 1425.00, 450.00
15.00, 1455.00, 450.00
15.00, 1485.00, 450.00
15.00, 1515.00, 450.00
15.00, 1545.00, 450.00
15.00, 1575.00, 450.00
15.00, 1605.00, 450.00
15.00, 1635.00, 450.00
15.00, 1665.00, 450.00
15.00, 1695.00, 450.00
15.00, 1725.00, 450.00
15.00, 1755.00, 450.00
15.00, 1785.00, 450.00
45.00, 15.00, 420.00
45.00, 45.00, 420.00
45.00, 75.00, 420.00
45.00, 105.00, 450.00
45.00, 135.00, 450.00
45.00, 165.00, 450.00
45.00, 195.00, 450.00
45.00, 225.00, 420.00
45.00, 255.00, 420.00
45.00, 285.00, 420.00
45.00, 315.00, 420.00
45.00, 345.00, 450.00
45.00, 375.00, 450.00
45.00, 405.00, 450.00
45.00, 435.00, 450.00
45.00, 465.00, 450.00
45.00, 495.00, 450.00
45.00, 525.00, 450.00
45.00, 555.00, 450.00
45.00, 585.00, 450.00
45.00, 615.00, 450.00
45.00, 645.00, 450.00
45.00, 675.00, 450.00
45.00, 705.00, 450.00
45.00, 735.00, 450.00
45.00, 765.00, 450.00
45.00, 795.00, 450.00
45.00, 825.00, 450.00
45.00, 855.00, 450.00
45.00, 885.00, 450.00
45.00, 915.00, 450.00
45.00, 945.00, 450.00
45.00, 975.00, 450.00
45.00, 1005.00, 450.00
45.00, 1035.00, 450.00
45.00, 1065.00, 450.00
45.00, 1095.00, 450.00
45.00, 1125.00, 450.00
45.00, 1155.00, 450.00
45.00, 1185.00, 450.00
45.00, 1215.00, 450.00
45.00, 1245.00, 450.00
45.00, 1275.00, 450.00
45.00, 1305.00, 450.00
45.00, 1335.00, 450.00
45.00, 1365.00, 450.00
45.00, 1395.00, 450.00
45.00, 1425.00, 450.00
45.00, 1455.00, 450.00
45.00, 1485.00, 450.00
45.00, 1515.00, 450.00
45.00, 1545.00, 450.00
45.00, 1575.00, 450.00
45.00, 1605.00, 450.00
45.00, 1635.00, 450.00
45.00, 1665.00, 450.00
45.00, 1695.00, 450.00
45.00, 1725.00, 450.00
45.00, 1755.00, 450.00
45.00, 1785.00, 450.00
75.00, 15.00, 420.00
75.00, 45.00, 450.00
75.00, 75.00, 450.00
75.00, 105.00, 450.00
75.00, 135.00, 450.00
75.00, 165.00, 450.00
75.00, 195.00, 450.00
75.00, 225.00, 450.00
75.00, 255.00, 420.00
75.00, 285.00, 450.00
75.00, 315.00, 450.00
75.00, 345.00, 450.00
75.00, 375.00, 450.00
75.00, 405.00, 450.00
75.00, 435.00, 450.00
75.00, 465.00, 450.00
75.00, 495.00, 450.00
75.00, 525.00, 450.00
75.00, 555.00, 450.00
75.00, 585.00, 450.00
75.00, 615.00, 450.00
75.00, 645.00, 450.00
75.00, 675.00, 450.00
75.00, 705.00, 450.00
75.00, 735.00, 450.00
75.00, 765.00, 450.00
75.00, 795.00, 450.00
75.00, 825.00, 450.00
75.00, 855.00, 450.00
75.00, 885.00, 450.00
75.00, 915.00, 450.00
75.00, 945.00, 450.00
75.00, 975.00, 450.00
75.00, 1005.00, 450.00
75.00, 1035.00, 450.00
75.00, 1065.00, 450.00
75.00, 1095.00, 450.00
75.00, 1125.00, 450.00
75.00, 1155.00, 450.00
75.00, 1185.00, 450.00
75.00, 1215.00, 450.00
75.00, 1245.00, 450.00
75.00, 1275.00, 450.00
75.00, 1305.00, 450.00
75.00, 1335.00, 450.00
75.00, 1365.00, 450.00
75.00, 1395.00, 450.00
75.00, 1425.00, 450.00
75.00, 1455.00, 450.00
75.00, 1485.00, 450.00
75.00, 1515.00, 450.00
75.00, 1545.00, 450.00
75.00, 1575.00, 450.00
75.00, 1605.00, 450.00
75.00, 1635.00, 450.00
75.00, 1665.00, 450.00
75.00, 1695.00, 450.00
75.00, 1725.00, 450.00
75.00, 1755.00, 450.00
75.00, 1785.00, 450.00
105.00, 15.00, 450.00
105.00, 45.00, 450.00
105.00, 75.00, 450.00
105.00, 105.00, 450.00
105.00, 135.00, 450.00
105.00, 165.00, 450.00
105.00, 195.00, 450.00
105.00, 225.00, 450.00
105.00, 255.00, 450.00
105.00, 285.00, 450.00
105.00, 315.00, 450.00
105.00, 345.00, 450.00
105.00, 375.00, 450.00
105.00, 405.00, 450.00
105.00, 435.00, 450.00
105.00, 465.00, 450.00
105.00, 495.00, 450.00
105.00, 525.00, 450.00
105.00, 555.00, 450.00
105.00, 585.00, 450.00
105.00, 615.00, 450.00
105.00, 645.00, 450.00
105.00, 675.00, 450.00
105.00, 705.00, 450.00
105.00, 735.00, 450.00
105.00, 765.00, 450.00
105.00, 795.00, 450.00
105.00, 825.00, 450.00
105.00, 855.00, 450.00
105.00, 885.00, 450.00
105.00, 915.00, 450.00
105.00, 945.00, 450.00
105.00, 975.00, 450.00
105.00, 1005.00, 450.00
105.00, 1035.00, 450.00
105.00, 1065.00, 450.00
105.00, 1095.00, 450.00
105.00, 1125.00, 450.00
105.00, 1155.00, 450.00
105.00, 1185.00, 450.00
105.00, 1215.00, 450.00
105.00, 1245.00, 450.00
105.00, 1275.00, 450.00
105.00, 1305.00, 450.00
105.00, 1335.00, 450.00
105.00, 1365.00, 450.00
105.00, 1395.00, 450.00
105.00, 1425.00, 450.00
105.00, 1455.00, 450.00
105.00, 1485.00, 450.00
105.00, 1515.00, 450.00
105.00, 1545.00, 450.00
105.00, 1575.00, 450.00
105.00, 1605.00, 450.00
105.00, 1635.00, 450.00
105.00, 1665.00, 450.00
105.00, 1695.00, 450.00
105.00, 1725.00, 450.00
105.00, 1755.00, 450.00
105.00, 1785.00, 420.00
135.00, 15.00, 450.00
135.00, 45.00, 450.00
135.00, 75.00, 450.00
135.00, 105.00, 450.00
135.00, 135.00, 450.00
135.00, 165.00, 450.00
135.00, 195.00, 450.00
135.00, 225.00, 450.00
135.00, 255.00, 450.00
135.00, 285.00, 450.00
135.00, 315.00, 450.00
135.00, 345.00, 450.00
135.00, 375.00, 450.00
135.00, 405.00, 450.00
135.00, 435.00, 450.00
135.00, 465.00, 450.00
135.00, 495.00, 450.00
135.00, 525.00, 450.00
135.00, 555.00, 450.00
135.00, 585.00, 450.00
135.00, 615.00, 450.00
135.00, 645.00, 450.00
135.00, 675.00, 450.00
135.00, 705.00, 450.00
135.00, 735.00, 450.00
135.00, 765.00, 450.00
135.00, 795.00, 450.00
135.00, 825.00, 450.00
135.00, 855.00, 450.00
135.00, 885.00, 450.00
135.00, 915.00, 450.00
135.00, 945.00, 450.00
135.00, 975.00, 450.00
135.00, 1005.00, 450.00
135.00, 1035.00, 450.00
135.00, 1065.00, 450.00
135.00, 1095.00, 450.00
135.00, 1125.00, 450.00
135.00, 1155.00, 450.00
135.00, 1185.00, 450.00
135.00, 1215.00, 450.00
135.00, 1245.00, 450.00
135.00, 1275.00, 450.00
135.00, 1305.00, 450.00
135.00, 1335.00, 450.00
135.00, 1365.00, 450.00
135.00, 1395.00, 450.00
135.00, 1425.00, 450.00
135.00, 1455.00, 450.00
135.00, 1485.00, 450.00
135.00, 1515.00, 450.00
135.00, 1545.00, 450.00
135.00, 1575.00, 450.00
135.00, 1605.00, 450.00
135.00, 1635.00, 420.00
135.00, 1665.00, 420.00
135.00, 1695.00, 450.00
135.00, 1725.00, 450.00
135.00, 1755.00, 420.00
135.00, 1785.00, 420.00
165.00, 15.00, 450.00
165.00, 45.00, 450.00
165.00, 75.00, 450.00
165.00, 105.00, 450.00
165.00, 135.00, 450.00
165.00, 165.00, 450.00
165.00, 195.00, 450.00
165.00, 225.00, 450.00
165.00, 255.00, 450.00
165.00, 285.00, 450.00
165.00, 315.00, 450.00
165.00, 345.00, 450.00
165.00, 375.00, 450.00
165.00, 405.00, 450.00
165.00, 435.00, 450.00
165.00, 465.00, 450.00
165.00, 495.00, 450.00
165.00, 525.00, 450.00
165.00, 555.00, 450.00
165.00, 585.00, 450.00
165.00, 615.00, 450.00
165.00, 645.00, 450.00
165.00, 675.00, 450.00
165.00, 705.00, 450.00
165.00, 735.00, 450.00
165.00, 765.00, 450.00
165.00, 795.00, 450.00
165.00, 825.00, 450.00
165.00, 855.00, 450.00
165.00, 885.00, 450.00
165.00, 915.00, 450.00
165.00, 945.00, 450.00
165.00, 975.00, 450.00
165.00, 1005.00, 450.00
165.00, 1035.00, 450.00
165.00, 1065.00, 450.00
165.00, 1095.00, 450.00
165.00, 1125.00, 450.00
165.00, 1155.00, 450.00
165.00, 1185.00, 450.00
165.00, 1215.00, 450.00
165.00, 1245.00, 450.00
165.00, 1275.00, 450.00
165.00, 1305.00, 450.00
165.00, 1335.00, 450.00
165.00, 1365.00, 450.00
165.00, 1395.00, 450.00
165.00, 1425.00, 450.00
165.00, 1455.00, 450.00
165.00, 1485.00, 420.00
165.00, 1515.00, 420.00
165.00, 1545.00, 420.00
165.00, 1575.00, 420.00
165.00, 1605.00, 420.00
165.00, 1635.00, 420.00
165.00, 1665.00, 450.00
165.00, 1695.00, 450.00
165.00, 1725.00, 420.00
165.00, 1755.00, 420.00
165.00, 1785.00, 420.00
195.00, 15.00, 450.00
195.00, 45.00, 450.00
195.00, 75.00, 450.00
195.00, 105.00, 450.00
195.00, 135.00, 450.00
195.00, 165.00, 450.00
195.00, 195.00, 450.00
195.00, 225.00, 450.00
195.00, 255.00, 450.00
195.00, 285.00, 450.00
195.00, 315.00, 450.00
195.00, 345.00, 450.00
195.00, 375.00, 450.00
195.00, 405.00, 450.00
195.00, 435.00, 450.00
195.00, 465.00, 450.00
195.00, 495.00, 450.00
195.00, 525.00, 450.00
195.00, 555.00, 450.00
195.00, 585.00, 450.00
195.00, 615.00, 450.00
195.00, 645.00, 450.00
195.00, 675.00, 450.00
195.00, 705.00, 435.44
195.00, 735.00, 435.44
195.00, 765.00, 437.57
195.00, 795.00, 450.00
195.00, 825.00, 450.00
195.00, 855.00, 450.00
195.00, 885.00, 450.00
195.00, 915.00, 437.57
195.00, 945.00, 425.15
195.00, 975.00, 420.00
195.00, 1005.00, 420.00
195.00, 1035.00, 420.00
195.00, 1065.00, 420.00
195.00, 1095.00, 425.15
195.00, 1125.00, 437.57
195.00, 1155.00, 450.00
195.00, 1185.00, 450.00
195.00, 1215.00, 450.00
195.00, 1245.00, 450.00
195.00, 1275.00, 450.00
195.00, 1305.00, 450.00
195.00, 1335.00, 450.00
195.00, 1365.00, 450.00
195.00, 1395.00, 450.00
195.00, 1425.00, 450.00
195.00, 1455.00, 450.00
195.00, 1485.00, 420.00
195.00, 1515.00, 420.00
195.00, 1545.00, 420.00
195.00, 1575.00, 420.00
195.00, 1605.00, 420.00
195.00, 1635.00, 450.00
195.00, 1665.00, 450.00
195.00, 1695.00, 450.00
195.00, 1725.00, 420.00
195.00, 1755.00, 420.00
195.00, 1785.00, 420.00
225.00, 15.00, 450.00
225.00, 45.00, 450.00
225.00, 75.00, 450.00
225.00, 105.00, 450.00
225.00, 135.00, 450.00
225.00, 165.00, 450.00
225.00, 195.00, 450.00
225.00, 225.00, 450.00
225.00, 255.00, 450.00
225.00, 285.00, 450.00
225.00, 315.00, 450.00
225.00, 345.00, 450.00
225.00, 375.00, 450.00
225.00, 405.00, 450.00
225.00, 435.00, 450.00
225.00, 465.00, 450.00
225.00, 495.00, 450.00
225.00, 525.00, 450.00
225.00, 555.00, 450.00
225.00, 585.00, 450.00
225.00, 615.00, 450.00
225.00, 645.00, 450.00
225.00, 675.00, 450.00
225.00, 705.00, 435.44
225.00, 735.00, 407.57
225.00, 765.00, 407.57
225.00, 795.00, 420.00
225.00, 825.00, 420.00
225.00, 855.00, 425.15
225.00, 885.00, 420.00
225.00, 915.00, 407.57
225.00, 945.00, 395.15
225.00, 975.00, 390.00
225.00, 1005.00, 390.00
225.00, 1035.00, 390.00
225.00, 1065.00, 390.00
225.00, 1095.00, 395.15
225.00, 1125.00, 407.57
225.00, 1155.00, 420.00
225.00, 1185.00, 450.00
225.00, 1215.00, 450.00
225.00, 1245.00, 450.00
225.00, 1275.00, 450.00
225.00, 1305.00, 450.00
225.00, 1335.00, 450.00
225.00, 1365.00, 450.00
225.00, 1395.00, 450.00
225.00, 1425.00, 450.00
225.00, 1455.00, 450.00
225.00, 1485.00, 450.00
225.00, 1515.00, 420.00
225.00, 1545.00, 420.00
225.00, 1575.00, 420.00
225.00, 1605.00, 420.00
225.00, 1635.00, 450.00
225.00, 1665.00, 450.00
225.00, 1695.00, 420.00
225.00, 1725.00, 420.00
225.00, 1755.00, 420.00
225.00, 1785.00, 420.00
255.00, 15.00, 450.00
255.00, 45.00, 450.00
255.00, 75.00, 450.00
255.00, 105.00, 450.00
255.00, 135.00, 450.00
255.00, 165.00, 450.00
255.00, 195.00, 450.00
255.00, 225.00, 450.00
255.00, 255.00, 450.00
255.00, 285.00, 450.00
255.00, 315.00, 450.00
255.00, 345.00, 450.00
255.00, 375.00, 450.00
255.00, 405.00, 450.00
255.00, 435.00, 450.00
255.00, 465.00, 450.00
255.00, 495.00, 450.00
255.00, 525.00, 450.00
255.00, 555.00, 437.57
255.00, 585.00, 437.57
255.00, 615.00, 450.00
255.00, 645.00, 450.00
255.00, 675.00, 437.57
255.00, 705.00, 437.57
255.00, 735.00, 407.57
255.00, 765.00, 407.57
255.00, 795.00, 420.00
255.00, 825.00, 395.15
255.00, 855.00, 395.15
255.00, 885.00, 390.00
255.00, 915.00, 377.57
255.00, 945.00, 365.15
255.00, 975.00, 360.00
255.00, 1005.00, 360.00
255.00, 1035.00, 360.00
255.00, 1065.00, 360.00
255.00, 1095.00, 365.15
255.00, 1125.00, 390.00
255.00, 1155.00, 420.00
255.00, 1185.00, 450.00
255.00, 1215.00, 450.00
255.00, 1245.00, 450.00
255.00, 1275.00, 450.00
255.00, 1305.00, 450.00
255.00, 1335.00, 450.00
255.00, 1365.00, 450.00
255.00, 1395.00, 450.00
255.00, 1425.00, 450.00
255.00, 1455.00, 450.00
255.00, 1485.00, 450.00
255.00, 1515.00, 420.00
255.00, 1545.00, 420.00
255.00, 1575.00, 420.00
255.00, 1605.00, 420.00
255.00, 1635.00, 420.00
255.00, 1665.00, 420.00
255.00, 1695.00, 420.00
255.00, 1725.00, 420.00
255.00, 1755.00, 420.00
255.00, 1785.00, 420.00
285.00, 15.00, 450.00
285.00, 45.00, 450.00
285.00, 75.00, 450.00
285.00, 105.00, 450.00
285.00, 135.00, 450.00
285.00, 165.00, 450.00
285.00, 195.00, 450.00
285.00, 225.00, 450.00
285.00, 255.00, 450.00
285.00, 285.00, 450.00
285.00, 315.00, 450.00
285.00, 345.00, 450.00
285.00, 375.00, 450.00
285.00, 405.00, 450.00
285.00, 435.00, 450.00
285.00, 465.00, 450.00
285.00, 495.00, 450.00
285.00, 525.00, 450.00
285.00, 555.00, 437.57
285.00, 585.00, 437.57
285.00, 615.00, 450.00
285.00, 645.00, 420.00
285.00, 675.00, 407.57
285.00, 705.00, 407.57
285.00, 735.00, 395.15
285.00, 765.00, 395.15
285.00, 795.00, 420.00
285.00, 825.00, 390.00
285.00, 855.00, 365.15
285.00, 885.00, 360.00
285.00, 915.00, 347.57
285.00, 945.00, 335.15
285.00, 975.00, 330.00
285.00, 1005.00, 330.00
285.00, 1035.00, 330.00
285.00, 1065.00, 330.00
285.00, 1095.00, 360.00
285.00, 1125.00, 390.00
285.00, 1155.00, 420.00
285.00, 1185.00, 420.00
285.00, 1215.00, 450.00
285.00, 1245.00, 450.00
285.00, 1275.00, 450.00
285.00, 1305.00, 450.00
285.00, 1335.00, 450.00
285.00, 1365.00, 450.00
285.00, 1395.00, 450.00
285.00, 1425.00, 450.00
285.00, 1455.00, 450.00
285.00, 1485.00, 450.00
285.00, 1515.00, 450.00
285.00, 1545.00, 420.00
285.00, 1575.00, 420.00
285.00, 1605.00, 450.00
285.00, 1635.00, 420.00
285.00, 1665.00, 420.00
285.00, 1695.00, 420.00
285.00, 1725.00, 420.00
285.00, 1755.00, 420.00
285.00, 1785.00, 420.00
315.00, 15.00, 450.00
315.00, 45.00, 450.00
315.00, 75.00, 450.00
315.00, 105.00, 450.00
315.00, 135.00, 450.00
315.00, 165.00, 450.00
315.00, 195.00, 450.00
315.00, 225.00, 450.00
315.00, 255.00, 450.00
315.00, 285.00, 450.00
315.00, 315.00, 450.00
315.00, 345.00, 450.00
315.00, 375.00, 450.00
315.00, 405.00, 450.00
315.00, 435.00, 450.00
315.00, 465.00, 450.00
315.00, 495.00, 450.00
315.00, 525.00, 450.00
315.00, 555.00, 450.00
315.00, 585.00, 450.00
315.00, 615.00, 420.00
315.00, 645.00, 407.57
315.00, 675.00, 407.57
315.00, 705.00, 407.57
315.00, 735.00, 395.15
315.00, 765.00, 395.15
315.00, 795.00, 407.57
315.00, 825.00, 377.57
315.00, 855.00, 347.57
315.00, 885.00, 340.29
315.00, 915.00, 317.57
315.00, 945.00, 305.15
315.00, 975.00, 300.00
315.00, 1005.00, 300.00
315.00, 1035.00, 300.00
315.00, 1065.00, 317.57
315.00, 1095.00, 347.57
315.00, 1125.00, 377.57
315.00, 1155.00, 390.00
315.00, 1185.00, 417.87
315.00, 1215.00, 420.00
315.00, 1245.00, 427.28
315.00, 1275.00, 442.72
315.00, 1305.00, 450.00
315.00, 1335.00, 450.00
315.00, 1365.00, 450.00
315.00, 1395.00, 450.00
315.00, 1425.00, 450.00
315.00, 1455.00, 450.00
315.00, 1485.00, 450.00
315.00, 1515.00, 450.00
315.00, 1545.00, 450.00
315.00, 1575.00, 450.00
315.00, 1605.00, 450.00
315.00, 1635.00, 420.00
315.00, 1665.00, 420.00
315.00, 1695.00, 420.00
315.00, 1725.00, 420.00
315.00, 1755.00, 420.00
315.00, 1785.00, 420.00
345.00, 15.00, 450.00
345.00, 45.00, 450.00
345.00, 75.00, 450.00
345.00, 105.00, 450.00
345.00, 135.00, 450.00
345.00, 165.00, 450.00
345.00, 195.00, 450.00
345.00, 225.00, 450.00
345.00, 255.00, 450.00
345.00, 285.00, 450.00
345.00, 315.00, 450.00
345.00, 345.00, 450.00
345.00, 375.00, 450.00
345.00, 405.00, 450.00
345.00, 435.00, 450.00
345.00, 465.00, 450.00
345.00, 495.00, 450.00
345.00, 525.00, 450.00
345.00, 555.00, 450.00
345.00, 585.00, 450.00
345.00, 615.00, 420.00
345.00, 645.00, 390.00
345.00, 675.00, 390.00
345.00, 705.00, 407.57
345.00, 735.00, 407.57
345.00, 765.00, 407.57
345.00, 795.00, 407.57
345.00, 825.00, 377.57
345.00, 855.00, 347.57
345.00, 885.00, 317.57
345.00, 915.00, 305.15
345.00, 945.00, 305.15
345.00, 975.00, 300.00
345.00, 1005.00, 300.00
345.00, 1035.00, 300.00
345.00, 1065.00, 305.15
345.00, 1095.00, 335.15
345.00, 1125.00, 357.87
345.00, 1155.00, 387.87
345.00, 1185.00, 402.43
345.00, 1215.00, 402.43
345.00, 1245.00, 409.71
345.00, 1275.00, 420.00
345.00, 1305.00, 450.00
345.00, 1335.00, 450.00
345.00, 1365.00, 450.00
345.00, 1395.00, 450.00
345.00, 1425.00, 450.00
345.00, 1455.00, 450.00
345.00, 1485.00, 450.00
345.00, 1515.00, 450.00
345.00, 1545.00, 450.00
345.00, 1575.00, 450.00
345.00, 1605.00, 420.00
345.00, 1635.00, 420.00
345.00, 1665.00, 420.00
345.00, 1695.00, 420.00
345.00, 1725.00, 420.00
345.00, 1755.00, 420.00
345.00, 1785.00, 420.00
375.00, 15.00, 450.00
375.00, 45.00, 450.00
375.00, 75.00, 450.00
375.00, 105.00, 450.00
375.00, 135.00, 450.00
375.00, 165.00, 450.00
375.00, 195.00, 450.00
375.00, 225.00, 450.00
375.00, 255.00, 450.00
375.00, 285.00, 450.00
375.00, 315.00, 450.00
375.00, 345.00, 450.00
375.00, 375.00, 450.00
375.00, 405.00, 450.00
375.00, 435.00, 450.00
375.00, 465.00, 450.00
375.00, 495.00, 450.00
375.00, 525.00, 450.00
375.00, 555.00, 450.00
375.00, 585.00, 420.00
375.00, 615.00, 407.57
375.00, 645.00, 377.57
375.00, 675.00, 377.57
375.00, 705.00, 377.57
375.00, 735.00, 377.57
375.00, 765.00, 377.57
375.00, 795.00, 377.57
375.00, 825.00, 365.15
375.00, 855.00, 335.15
375.00, 885.00, 305.15
375.00, 915.00, 305.15
375.00, 945.00, 315.44
375.00, 975.00, 300.00
375.00, 1005.00, 300.00
375.00, 1035.00, 300.00
375.00, 1065.00, 300.00
375.00, 1095.00, 315.44
375.00, 1125.00, 345.44
375.00, 1155.00, 372.43
375.00, 1185.00, 402.43
375.00, 1215.00, 390.00
375.00, 1245.00, 390.00
375.00, 1275.00, 420.00
375.00, 1305.00, 450.00
375.00, 1335.00, 450.00
375.00, 1365.00, 450.00
375.00, 1395.00, 450.00
375.00, 1425.00, 450.00
375.00, 1455.00, 450.00
375.00, 1485.00, 450.00
375.00, 1515.00, 450.00
375.00, 1545.00, 450.00
375.00, 1575.00, 420.00
375.00, 1605.00, 420.00
375.00, 1635.00, 420.00
375.00, 1665.00, 420.00
375.00, 1695.00, 420.00
375.00, 1725.00, 420.00
375.00, 1755.00, 420.00
375.00, 1785.00, 420.00
405.00, 15.00, 450.00
405.00, 45.00, 450.00
405.00, 75.00, 450.00
405.00, 105.00, 450.00
405.00, 135.00, 450.00
405.00, 165.00, 450.00
405.00, 195.00, 450.00
405.00, 225.00, 450.00
405.00, 255.00, 450.00
405.00, 285.00, 450.00
405.00, 315.00, 450.00
405.00, 345.00, 450.00
405.00, 375.00, 450.00
405.00, 405.00, 450.00
405.00, 435.00, 450.00
405.00, 465.00, 450.00
405.00, 495.00, 450.00
405.00, 525.00, 450.00
405.00, 555.00, 450.00
405.00, 585.00, 420.00
405.00, 615.00, 390.00
405.00, 645.00, 365.15
405.00, 675.00, 360.00
405.00, 705.00, 347.57
405.00, 735.00, 347.57
405.00, 765.00, 347.57
405.00, 795.00, 347.57
405.00, 825.00, 335.15
405.00, 855.00, 335.15
405.00, 885.00, 305.15
405.00, 915.00, 305.15
405.00, 945.00, 292.72
405.00, 975.00, 292.72
405.00, 1005.00, 300.00
405.00, 1035.00, 300.00
405.00, 1065.00, 300.00
405.00, 1095.00, 305.15
405.00, 1125.00, 330.00
405.00, 1155.00, 360.00
405.00, 1185.00, 372.43
405.00, 1215.00, 384.85
405.00, 1245.00, 384.85
405.00, 1275.00, 412.72
405.00, 1305.00, 425.15
405.00, 1335.00, 425.15
405.00, 1365.00, 450.00
405.00, 1395.00, 450.00
405.00, 1425.00, 450.00
405.00, 1455.00, 450.00
405.00, 1485.00, 450.00
405.00, 1515.00, 450.00
405.00, 1545.00, 420.00
405.00, 1575.00, 420.00
405.00, 1605.00, 420.00
405.00, 1635.00, 420.00
405.00, 1665.00, 420.00
405.00, 1695.00, 420.00
405.00, 1725.00, 420.00
405.00, 1755.00, 420.00
405.00, 1785.00, 420.00
435.00, 15.00, 450.00
435.00, 45.00, 450.00
435.00, 75.00, 450.00
435.00, 105.00, 450.00
435.00, 135.00, 450.00
435.00, 165.00, 450.00
435.00, 195.00, 450.00
435.00, 225.00, 450.00
435.00, 255.00, 450.00
435.00, 285.00, 450.00
435.00, 315.00, 450.00
435.00, 345.00, 450.00
435.00, 375.00, 450.00
435.00, 405.00, 450.00
435.00, 435.00, 450.00
435.00, 465.00, 450.00
435.00, 495.00, 450.00
435.00, 525.00, 450.00
435.00, 555.00, 420.00
435.00, 585.00, 412.72
435.00, 615.00, 382.72
435.00, 645.00, 365.15
435.00, 675.00, 360.00
435.00, 705.00, 347.57
435.00, 735.00, 347.57
435.00, 765.00, 324.85
435.00, 795.00, 317.57
435.00, 825.00, 317.57
435.00, 855.00, 335.15
435.00, 885.00, 317.57
435.00, 915.00, 305.15
435.00, 945.00, 280.29
435.00, 975.00, 291.84
435.00, 1005.00, 305.15
435.00, 1035.00, 305.15
435.00, 1065.00, 305.15
435.00, 1095.00, 305.15
435.00, 1125.00, 317.57
435.00, 1155.00, 330.00
435.00, 1185.00, 354.85
435.00, 1215.00, 354.85
435.00, 1245.00, 370.29
435.00, 1275.00, 382.72
435.00, 1305.00, 395.15
435.00, 1335.00, 407.57
435.00, 1365.00, 422.13
435.00, 1395.00, 439.71
435.00, 1425.00, 450.00
435.00, 1455.00, 450.00
435.00, 1485.00, 450.00
435.00, 1515.00, 450.00
435.00, 1545.00, 420.00
435.00, 1575.00, 420.00
435.00, 1605.00, 420.00
435.00, 1635.00, 420.00
435.00, 1665.00, 420.00
435.00, 1695.00, 420.00
435.00, 1725.00, 420.00
435.00, 1755.00, 420.00
435.00, 1785.00, 420.00
465.00, 15.00, 450.00
465.00, 45.00, 450.00
465.00, 75.00, 450.00
465.00, 105.00, 450.00
465.00, 135.00, 450.00
465.00, 165.00, 450.00
465.00, 195.00, 450.00
465.00, 225.00, 450.00
465.00, 255.00, 450.00
465.00, 285.00, 450.00
465.00, 315.00, 450.00
465.00, 345.00, 450.00
465.00, 375.00, 450.00
465.00, 405.00, 450.00
465.00, 435.00, 450.00
465.00, 465.00, 450.00
465.00, 495.00, 420.00
465.00, 525.00, 420.00
465.00, 555.00, 407.57
465.00, 585.00, 407.57
465.00, 615.00, 377.57
465.00, 645.00, 365.15
465.00, 675.00, 340.29
465.00, 705.00, 340.29
465.00, 735.00, 354.85
465.00, 765.00, 324.85
465.00, 795.00, 312.43
465.00, 825.00, 312.43
465.00, 855.00, 312.43
465.00, 885.00, 305.15
465.00, 915.00, 291.84
465.00, 945.00, 291.84
465.00, 975.00, 280.29
465.00, 1005.00, 292.72
465.00, 1035.00, 287.57
465.00, 1065.00, 275.15
465.00, 1095.00, 275.15
465.00, 1125.00, 287.57
465.00, 1155.00, 312.43
465.00, 1185.00, 324.85
465.00, 1215.00, 327.87
465.00, 1245.00, 349.71
465.00, 1275.00, 352.72
465.00, 1305.00, 365.15
465.00, 1335.00, 379.71
465.00, 1365.00, 409.71
465.00, 1395.00, 439.71
465.00, 1425.00, 450.00
465.00, 1455.00, 450.00
465.00, 1485.00, 450.00
465.00, 1515.00, 450.00
465.00, 1545.00, 420.00
465.00, 1575.00, 420.00
465.00, 1605.00, 420.00
465.00, 1635.00, 420.00
465.00, 1665.00, 420.00
465.00, 1695.00, 420.00
465.00, 1725.00, 420.00
465.00, 1755.00, 420.00
465.00, 1785.00, 420.00
495.00, 15.00, 450.00
495.00, 45.00, 450.00
495.00, 75.00, 450.00
495.00, 105.00, 450.00
495.00, 135.00, 450.00
495.00, 165.00, 450.00
495.00, 195.00, 450.00
495.00, 225.00, 450.00
495.00, 255.00, 450.00
495.00, 285.00, 450.00
495.00, 315.00, 450.00
495.00, 345.00, 450.00
495.00, 375.00, 450.00
495.00, 405.00, 450.00
495.00, 435.00, 450.00
495.00, 465.00, 450.00
495.00, 495.00, 420.00
495.00, 525.00, 390.00
495.00, 555.00, 377.57
495.00, 585.00, 377.57
495.00, 615.00, 365.15
495.00, 645.00, 365.15
495.00, 675.00, 340.29
495.00, 705.00, 340.29
495.00, 735.00, 354.85
495.00, 765.00, 324.85
495.00, 795.00, 312.43
495.00, 825.00, 282.43
495.00, 855.00, 300.00
495.00, 885.00, 287.57
495.00, 915.00, 275.15
495.00, 945.00, 279.41
495.00, 975.00, 250.29
495.00, 1005.00, 275.15
495.00, 1035.00, 275.15
495.00, 1065.00, 245.15
495.00, 1095.00, 248.16
495.00, 1125.00, 270.00
495.00, 1155.00, 282.43
495.00, 1185.00, 294.85
495.00, 1215.00, 317.57
495.00, 1245.00, 347.57
495.00, 1275.00, 352.72
495.00, 1305.00, 354.85
495.00, 1335.00, 367.28
495.00, 1365.00, 397.28
495.00, 1395.00, 420.00
495.00, 1425.00, 450.00
495.00, 1455.00, 450.00
495.00, 1485.00, 450.00
495.00, 1515.00, 450.00
495.00, 1545.00, 420.00
495.00, 1575.00, 420.00
495.00, 1605.00, 420.00
495.00, 1635.00, 420.00
495.00, 1665.00, 420.00
495.00, 1695.00, 420.00
495.00, 1725.00, 420.00
495.00, 1755.00, 420.00
495.00, 1785.00, 420.00
525.00, 15.00, 450.00
525.00, 45.00, 450.00
525.00, 75.00, 450.00
525.00, 105.00, 450.00
525.00, 135.00, 450.00
525.00, 165.00, 450.00
525.00, 195.00, 450.00
525.00, 225.00, 450.00
525.00, 255.00, 450.00
525.00, 285.00, 450.00
525.00, 315.00, 450.00
525.00, 345.00, 450.00
525.00, 375.00, 450.00
525.00, 405.00, 450.00
525.00, 435.00, 450.00
525.00, 465.00, 450.00
525.00, 495.00, 420.00
525.00, 525.00, 390.00
525.00, 555.00, 377.57
525.00, 585.00, 352.72
525.00, 615.00, 352.72
525.00, 645.00, 382.72
525.00, 675.00, 365.15
525.00, 705.00, 356.17
525.00, 735.00, 342.43
525.00, 765.00, 312.43
525.00, 795.00, 312.43
525.00, 825.00, 300.00
525.00, 855.00, 287.57
525.00, 885.00, 274.26
525.00, 915.00, 245.15
525.00, 945.00, 249.41
525.00, 975.00, 245.15
525.00, 1005.00, 245.15
525.00, 1035.00, 245.15
525.00, 1065.00, 232.72
525.00, 1095.00, 232.72
525.00, 1125.00, 252.43
525.00, 1155.00, 282.43
525.00, 1185.00, 294.85
525.00, 1215.00, 317.57
525.00, 1245.00, 347.57
525.00, 1275.00, 354.85
525.00, 1305.00, 354.85
525.00, 1335.00, 354.85
525.00, 1365.00, 384.85
525.00, 1395.00, 414.85
525.00, 1425.00, 420.00
525.00, 1455.00, 450.00
525.00, 1485.00, 450.00
525.00, 1515.00, 450.00
525.00, 1545.00, 420.00
525.00, 1575.00, 420.00
525.00, 1605.00, 420.00
525.00, 1635.00, 420.00
525.00, 1665.00, 420.00
525.00, 1695.00, 420.00
525.00, 1725.00, 420.00
525.00, 1755.00, 420.00
525.00, 1785.00, 420.00
555.00, 15.00, 450.00
555.00, 45.00, 450.00
555.00, 75.00, 450.00
555.00, 105.00, 450.00
555.00, 135.00, 450.00
555.00, 165.00, 450.00
555.00, 195.00, 450.00
555.00, 225.00, 450.00
555.00, 255.00, 450.00
555.00, 285.00, 450.00
555.00, 315.00, 450.00
555.00, 345.00, 450.00
555.00, 375.00, 450.00
555.00, 405.00, 450.00
555.00, 435.00, 450.00
555.00, 465.00, 450.00
555.00, 495.00, 420.00
555.00, 525.00, 390.00
555.00, 555.00, 377.57
555.00, 585.00, 352.72
555.00, 615.00, 352.72
555.00, 645.00, 352.72
555.00, 675.00, 340.29
555.00, 705.00, 326.17
555.00, 735.00, 313.74
555.00, 765.00, 300.00
555.00, 795.00, 287.57
555.00, 825.00, 280.29
555.00, 855.00, 257.57
555.00, 885.00, 245.15
555.00, 915.00, 231.84
555.00, 945.00, 219.41
555.00, 975.00, 215.15
555.00, 1005.00, 215.15
555.00, 1035.00, 215.15
555.00, 1065.00, 202.72
555.00, 1095.00, 222.43
555.00, 1125.00, 252.43
555.00, 1155.00, 282.43
555.00, 1185.00, 294.85
555.00, 1215.00, 315.44
555.00, 1245.00, 324.85
555.00, 1275.00, 354.85
555.00, 1305.00, 342.43
555.00, 1335.00, 342.43
555.00, 1365.00, 372.43
555.00, 1395.00, 390.00
555.00, 1425.00, 420.00
555.00, 1455.00, 450.00
555.00, 1485.00, 450.00
555.00, 1515.00, 450.00
555.00, 1545.00, 420.00
555.00, 1575.00, 420.00
555.00, 1605.00, 420.00
555.00, 1635.00, 420.00
555.00, 1665.00, 420.00
555.00, 1695.00, 420.00
555.00, 1725.00, 420.00
555.00, 1755.00, 420.00
555.00, 1785.00, 420.00
585.00, 15.00, 450.00
585.00, 45.00, 450.00
585.00, 75.00, 450.00
585.00, 105.00, 450.00
585.00, 135.00, 450.00
585.00, 165.00, 450.00
585.00, 195.00, 450.00
585.00, 225.00, 450.00
585.00, 255.00, 450.00
585.00, 285.00, 450.00
585.00, 315.00, 450.00
585.00, 345.00, 450.00
585.00, 375.00, 450.00
585.00, 405.00, 450.00
585.00, 435.00, 442.72
585.00, 465.00, 420.00
585.00, 495.00, 407.57
585.00, 525.00, 382.72
585.00, 555.00, 370.29
585.00, 585.00, 360.00
585.00, 615.00, 330.00
585.00, 645.00, 322.72
585.00, 675.00, 310.29
585.00, 705.00, 297.87
585.00, 735.00, 283.74
585.00, 765.00, 300.00
585.00, 795.00, 275.15
585.00, 825.00, 250.29
585.00, 855.00, 237.87
585.00, 885.00, 215.15
585.00, 915.00, 202.72
585.00, 945.00, 189.41
585.00, 975.00, 189.41
585.00, 1005.00, 185.15
585.00, 1035.00, 185.15
585.00, 1065.00, 185.15
585.00, 1095.00, 213.02
585.00, 1125.00, 243.02
585.00, 1155.00, 273.02
585.00, 1185.00, 273.02
585.00, 1215.00, 294.85
585.00, 1245.00, 324.85
585.00, 1275.00, 324.85
585.00, 1305.00, 324.85
585.00, 1335.00, 330.00
585.00, 1365.00, 360.00
585.00, 1395.00, 390.00
585.00, 1425.00, 420.00
585.00, 1455.00, 420.00
585.00, 1485.00, 420.00
585.00, 1515.00, 420.00
585.00, 1545.00, 420.00
585.00, 1575.00, 420.00
585.00, 1605.00, 420.00
585.00, 1635.00, 420.00
585.00, 1665.00, 420.00
585.00, 1695.00, 420.00
585.00, 1725.00, 420.00
585.00, 1755.00, 420.00
585.00, 1785.00, 420.00
615.00, 15.00, 450.00
615.00, 45.00, 450.00
615.00, 75.00, 450.00
615.00, 105.00, 450.00
615.00, 135.00, 450.00
615.00, 165.00, 450.00
615.00, 195.00, 450.00
615.00, 225.00, 450.00
615.00, 255.00, 450.00
615.00, 285.00, 450.00
615.00, 315.00, 450.00
615.00, 345.00, 450.00
615.00, 375.00, 450.00
615.00, 405.00, 450.00
615.00, 435.00, 442.72
615.00, 465.00, 420.00
615.00, 495.00, 407.57
615.00, 525.00, 382.72
615.00, 555.00, 354.85
615.00, 585.00, 330.00
615.00, 615.00, 319.56
615.00, 645.00, 292.72
615.00, 675.00, 280.29
615.00, 705.00, 270.00
615.00, 735.00, 270.00
615.00, 765.00, 270.00
615.00, 795.00, 275.15
615.00, 825.00, 262.72
615.00, 855.00, 232.72
615.00, 885.00, 202.72
615.00, 915.00, 190.29
615.00, 945.00, 160.29
615.00, 975.00, 160.29
615.00, 1005.00, 160.29
615.00, 1035.00, 185.15
615.00, 1065.00, 185.15
615.00, 1095.00, 200.59
615.00, 1125.00, 230.59
615.00, 1155.00, 243.02
615.00, 1185.00, 252.43
615.00, 1215.00, 282.43
615.00, 1245.00, 305.15
615.00, 1275.00, 303.02
615.00, 1305.00, 303.02
615.00, 1335.00, 317.57
615.00, 1365.00, 347.57
615.00, 1395.00, 377.57
615.00, 1425.00, 390.00
615.00, 1455.00, 390.00
615.00, 1485.00, 420.00
615.00, 1515.00, 420.00
615.00, 1545.00, 420.00
615.00, 1575.00, 420.00
615.00, 1605.00, 420.00
615.00, 1635.00, 420.00
615.00, 1665.00, 420.00
615.00, 1695.00, 420.00
615.00, 1725.00, 420.00
615.00, 1755.00, 420.00
615.00, 1785.00, 420.00
645.00, 15.00, 450.00
645.00, 45.00, 450.00
645.00, 75.00, 450.00
645.00, 105.00, 450.00
645.00, 135.00, 450.00
645.00, 165.00, 450.00
645.00, 195.00, 450.00
645.00, 225.00, 450.00
645.00, 255.00, 450.00
645.00, 285.00, 450.00
645.00, 315.00, 450.00
645.00, 345.00, 450.00
645.00, 375.00, 450.00
645.00, 405.00, 450.00
645.00, 435.00, 450.00
645.00, 465.00, 444.85
645.00, 495.00, 414.85
645.00, 525.00, 384.85
645.00, 555.00, 354.85
645.00, 585.00, 324.85
645.00, 615.00, 307.13
645.00, 645.00, 277.13
645.00, 675.00, 250.29
645.00, 705.00, 252.43
645.00, 735.00, 252.43
645.00, 765.00, 245.15
645.00, 795.00, 245.15
645.00, 825.00, 232.72
645.00, 855.00, 220.29
645.00, 885.00, 190.29
645.00, 915.00, 197.57
645.00, 945.00, 190.29
645.00, 975.00, 172.15
645.00, 1005.00, 155.15
645.00, 1035.00, 155.15
645.00, 1065.00, 171.84
645.00, 1095.00, 189.41
645.00, 1125.00, 218.16
645.00, 1155.00, 245.15
645.00, 1185.00, 245.15
645.00, 1215.00, 275.15
645.00, 1245.00, 305.15
645.00, 1275.00, 305.15
645.00, 1305.00, 300.00
645.00, 1335.00, 305.15
645.00, 1365.00, 335.15
645.00, 1395.00, 352.72
645.00, 1425.00, 382.72
645.00, 1455.00, 390.00
645.00, 1485.00, 420.00
645.00, 1515.00, 420.00
645.00, 1545.00, 420.00
645.00, 1575.00, 420.00
645.00, 1605.00, 420.00
645.00, 1635.00, 420.00
645.00, 1665.00, 420.00
645.00, 1695.00, 420.00
645.00, 1725.00, 420.00
645.00, 1755.00, 420.00
645.00, 1785.00, 420.00
675.00, 15.00, 450.00
675.00, 45.00, 450.00
675.00, 75.00, 450.00
675.00, 105.00, 450.00
675.00, 135.00, 450.00
675.00, 165.00, 450.00
675.00, 195.00, 450.00
675.00, 225.00, 450.00
675.00, 255.00, 450.00
675.00, 285.00, 450.00
675.00, 315.00, 450.00
675.00, 345.00, 450.00
675.00, 375.00, 450.00
675.00, 405.00, 450.00
675.00, 435.00, 450.00
675.00, 465.00, 420.00
675.00, 495.00, 402.43
675.00, 525.00, 372.43
675.00, 555.00, 347.57
675.00, 585.00, 324.85
675.00, 615.00, 307.13
675.00, 645.00, 277.13
675.00, 675.00, 258.89
675.00, 705.00, 252.43
675.00, 735.00, 222.43
675.00, 765.00, 215.15
675.00, 795.00, 215.15
675.00, 825.00, 202.72
675.00, 855.00, 190.29
675.00, 885.00, 187.28
675.00, 915.00, 187.28
675.00, 945.00, 192.43
675.00, 975.00, 162.43
675.00, 1005.00, 132.43
675.00, 1035.00, 132.43
675.00, 1065.00, 162.43
675.00, 1095.00, 189.41
675.00, 1125.00, 202.72
675.00, 1155.00, 220.29
675.00, 1185.00, 232.72
675.00, 1215.00, 262.72
675.00, 1245.00, 275.15
675.00, 1275.00, 305.15
675.00, 1305.00, 300.00
675.00, 1335.00, 305.15
675.00, 1365.00, 322.72
675.00, 1395.00, 352.72
675.00, 1425.00, 382.72
675.00, 1455.00, 412.72
675.00, 1485.00, 420.00
675.00, 1515.00, 420.00
675.00, 1545.00, 420.00
675.00, 1575.00, 420.00
675.00, 1605.00, 420.00
675.00, 1635.00, 420.00
675.00, 1665.00, 420.00
675.00, 1695.00, 420.00
675.00, 1725.00, 420.00
675.00, 1755.00, 420.00
675.00, 1785.00, 420.00
705.00, 15.00, 420.00
705.00, 45.00, 450.00
705.00, 75.00, 450.00
705.00, 105.00, 450.00
705.00, 135.00, 450.00
705.00, 165.00, 450.00
705.00, 195.00, 450.00
705.00, 225.00, 450.00
705.00, 255.00, 450.00
705.00, 285.00, 450.00
705.00, 315.00, 450.00
705.00, 345.00, 450.00
705.00, 375.00, 450.00
705.00, 405.00, 450.00
705.00, 435.00, 450.00
705.00, 465.00, 420.00
705.00, 495.00, 390.00
705.00, 525.00, 360.00
705.00, 555.00, 347.57
705.00, 585.00, 326.17
705.00, 615.00, 313.74
705.00, 645.00, 301.32
705.00, 675.00, 288.89
705.00, 705.00, 258.89
705.00, 735.00, 241.32
705.00, 765.00, 228.89
705.00, 795.00, 211.32
705.00, 825.00, 181.32
705.00, 855.00, 181.32
705.00, 885.00, 181.32
705.00, 915.00, 181.32
705.00, 945.00, 192.43
705.00, 975.00, 162.43
705.00, 1005.00, 132.43
705.00, 1035.00, 132.43
705.00, 1065.00, 162.43
705.00, 1095.00, 160.29
705.00, 1125.00, 190.29
705.00, 1155.00, 220.29
705.00, 1185.00, 232.72
705.00, 1215.00, 262.72
705.00, 1245.00, 275.15
705.00, 1275.00, 305.15
705.00, 1305.00, 315.44
705.00, 1335.00, 315.44
705.00, 1365.00, 322.72
705.00, 1395.00, 352.72
705.00, 1425.00, 382.72
705.00, 1455.00, 412.72
705.00, 1485.00, 420.00
705.00, 1515.00, 420.00
705.00, 1545.00, 420.00
705.00, 1575.00, 420.00
705.00, 1605.00, 420.00
705.00, 1635.00, 420.00
705.00, 1665.00, 420.00
705.00, 1695.00, 420.00
705.00, 1725.00, 420.00
705.00, 1755.00, 420.00
705.00, 1785.00, 420.00
735.00, 15.00, 420.00
735.00, 45.00, 420.00
735.00, 75.00, 420.00
735.00, 105.00, 450.00
735.00, 135.00, 450.00
735.00, 165.00, 450.00
735.00, 195.00, 420.00
735.00, 225.00, 450.00
735.00, 255.00, 450.00
735.00, 285.00, 450.00
735.00, 315.00, 450.00
735.00, 345.00, 450.00
735.00, 375.00, 450.00
735.00, 405.00, 450.00
735.00, 435.00, 450.00
735.00, 465.00, 420.00
735.00, 495.00, 390.00
735.00, 525.00, 360.00
735.00, 555.00, 356.17
735.00, 585.00, 356.17
735.00, 615.00, 343.74
735.00, 645.00, 331.32
735.00, 675.00, 301.32
735.00, 705.00, 283.74
735.00, 735.00, 271.32
735.00, 765.00, 241.32
735.00, 795.00, 211.32
735.00, 825.00, 198.89
735.00, 855.00, 181.32
735.00, 885.00, 181.32
735.00, 915.00, 181.32
735.00, 945.00, 192.43
735.00, 975.00, 162.43
735.00, 1005.00, 132.43
735.00, 1035.00, 132.43
735.00, 1065.00, 162.43
735.00, 1095.00, 185.15
735.00, 1125.00, 197.57
735.00, 1155.00, 227.57
735.00, 1185.00, 245.15
735.00, 1215.00, 275.15
735.00, 1245.00, 305.15
735.00, 1275.00, 315.44
735.00, 1305.00, 345.44
735.00, 1335.00, 322.72
735.00, 1365.00, 322.72
735.00, 1395.00, 352.72
735.00, 1425.00, 382.72
735.00, 1455.00, 412.72
735.00, 1485.00, 420.00
735.00, 1515.00, 420.00
735.00, 1545.00, 420.00
735.00, 1575.00, 420.00
735.00, 1605.00, 420.00
735.00, 1635.00, 420.00
735.00, 1665.00, 420.00
735.00, 1695.00, 420.00
735.00, 1725.00, 420.00
735.00, 1755.00, 420.00
735.00, 1785.00, 420.00
765.00, 15.00, 420.00
765.00, 45.00, 420.00
765.00, 75.00, 420.00
765.00, 105.00, 420.00
765.00, 135.00, 420.00
765.00, 165.00, 420.00
765.00, 195.00, 420.00
765.00, 225.00, 420.00
765.00, 255.00, 420.00
765.00, 285.00, 420.00
765.00, 315.00, 450.00
765.00, 345.00, 450.00
765.00, 375.00, 450.00
765.00, 405.00, 450.00
765.00, 435.00, 450.00
765.00, 465.00, 420.00
765.00, 495.00, 402.43
765.00, 525.00, 384.85
765.00, 555.00, 384.85
765.00, 585.00, 386.17
765.00, 615.00, 373.74
765.00, 645.00, 343.74
765.00, 675.00, 313.74
765.00, 705.00, 313.74
765.00, 735.00, 283.74
765.00, 765.00, 253.74
765.00, 795.00, 241.32
765.00, 825.00, 211.32
765.00, 855.00, 211.32
765.00, 885.00, 211.32
765.00, 915.00, 211.32
765.00, 945.00, 192.43
765.00, 975.00, 174.85
765.00, 1005.00, 160.29
765.00, 1035.00, 160.29
765.00, 1065.00, 172.72
765.00, 1095.00, 197.57
765.00, 1125.00, 210.00
765.00, 1155.00, 240.00
765.00, 1185.00, 270.00
765.00, 1215.00, 287.57
765.00, 1245.00, 305.15
765.00, 1275.00, 315.44
765.00, 1305.00, 320.59
765.00, 1335.00, 327.87
765.00, 1365.00, 340.29
765.00, 1395.00, 365.15
765.00, 1425.00, 395.15
765.00, 1455.00, 420.00
765.00, 1485.00, 420.00
765.00, 1515.00, 420.00
765.00, 1545.00, 420.00
765.00, 1575.00, 420.00
765.00, 1605.00, 420.00
765.00, 1635.00, 420.00
765.00, 1665.00, 420.00
765.00, 1695.00, 420.00
765.00, 1725.00, 420.00
765.00, 1755.00, 420.00
765.00, 1785.00, 420.00
795.00, 15.00, 420.00
795.00, 45.00, 420.00
795.00, 75.00, 420.00
795.00, 105.00, 420.00
795.00, 135.00, 420.00
795.00, 165.00, 420.00
795.00, 195.00, 420.00
795.00, 225.00, 420.00
795.00, 255.00, 420.00
795.00, 285.00, 420.00
795.00, 315.00, 420.00
795.00, 345.00, 420.00
795.00, 375.00, 450.00
795.00, 405.00, 450.00
795.00, 435.00, 450.00
795.00, 465.00, 444.85
795.00, 495.00, 427.28
795.00, 525.00, 397.28
795.00, 555.00, 397.28
795.00, 585.00, 397.28
795.00, 615.00, 373.74
795.00, 645.00, 343.74
795.00, 675.00, 313.74
795.00, 705.00, 313.74
795.00, 735.00, 283.74
795.00, 765.00, 283.74
795.00, 795.00, 253.74
795.00, 825.00, 223.74
795.00, 855.00, 228.89
795.00, 885.00, 241.32
795.00, 915.00, 228.89
795.00, 945.00, 205.12
795.00, 975.00, 192.69
795.00, 1005.00, 189.41
795.00, 1035.00, 189.41
795.00, 1065.00, 202.72
795.00, 1095.00, 210.00
795.00, 1125.00, 240.00
795.00, 1155.00, 252.43
795.00, 1185.00, 282.43
795.00, 1215.00, 312.43
795.00, 1245.00, 320.59
795.00, 1275.00, 320.59
795.00, 1305.00, 320.59
795.00, 1335.00, 333.02
795.00, 1365.00, 345.44
795.00, 1395.00, 365.15
795.00, 1425.00, 390.00
795.00, 1455.00, 420.00
795.00, 1485.00, 420.00
795.00, 1515.00, 420.00
795.00, 1545.00, 420.00
795.00, 1575.00, 420.00
795.00, 1605.00, 420.00
795.00, 1635.00, 420.00
795.00, 1665.00, 420.00
795.00, 1695.00, 420.00
795.00, 1725.00, 420.00
795.00, 1755.00, 420.00
795.00, 1785.00, 420.00
825.00, 15.00, 420.00
825.00, 45.00, 420.00
825.00, 75.00, 420.00
825.00, 105.00, 420.00
825.00, 135.00, 420.00
825.00, 165.00, 420.00
825.00, 195.00, 420.00
825.00, 225.00, 420.00
825.00, 255.00, 420.00
825.00, 285.00, 420.00
825.00, 315.00, 420.00
825.00, 345.00, 420.00
825.00, 375.00, 420.00
825.00, 405.00, 439.71
825.00, 435.00, 450.00
825.00, 465.00, 439.71
825.00, 495.00, 420.00
825.00, 525.00, 397.28
825.00, 555.00, 397.28
825.00, 585.00, 414.85
825.00, 615.00, 384.85
825.00, 645.00, 354.85
825.00, 675.00, 324.85
825.00, 705.00, 313.74
825.00, 735.00, 313.74
825.00, 765.00, 283.74
825.00, 795.00, 253.74
825.00, 825.00, 253.74
825.00, 855.00, 258.89
825.00, 885.00, 271.32
825.00, 915.00, 247.55
825.00, 945.00, 235.12
825.00, 975.00, 219.41
825.00, 1005.00, 189.41
825.00, 1035.00, 189.41
825.00, 1065.00, 187.28
825.00, 1095.00, 210.00
825.00, 1125.00, 240.00
825.00, 1155.00, 252.43
825.00, 1185.00, 282.43
825.00, 1215.00, 312.43
825.00, 1245.00, 333.02
825.00, 1275.00, 345.44
825.00, 1305.00, 345.44
825.00, 1335.00, 363.02
825.00, 1365.00, 375.44
825.00, 1395.00, 377.57
825.00, 1425.00, 390.00
825.00, 1455.00, 420.00
825.00, 1485.00, 420.00
825.00, 1515.00, 420.00
825.00, 1545.00, 420.00
825.00, 1575.00, 420.00
825.00, 1605.00, 420.00
825.00, 1635.00, 420.00
825.00, 1665.00, 420.00
825.00, 1695.00, 420.00
825.00, 1725.00, 420.00
825.00, 1755.00, 420.00
825.00, 1785.00, 420.00
855.00, 15.00, 420.00
855.00, 45.00, 420.00
855.00, 75.00, 420.00
855.00, 105.00, 420.00
855.00, 135.00, 420.00
855.00, 165.00, 420.00
855.00, 195.00, 420.00
855.00, 225.00, 420.00
855.00, 255.00, 420.00
855.00, 285.00, 420.00
855.00, 315.00, 420.00
855.00, 345.00, 420.00
855.00, 375.00, 420.00
855.00, 405.00, 420.00
855.00, 435.00, 420.00
855.00, 465.00, 420.00
855.00, 495.00, 420.00
855.00, 525.00, 420.00
855.00, 555.00, 390.00
855.00, 585.00, 390.00
855.00, 615.00, 384.85
855.00, 645.00, 354.85
855.00, 675.00, 350.59
855.00, 705.00, 338.16
855.00, 735.00, 325.74
855.00, 765.00, 295.74
855.00, 795.00, 265.74
855.00, 825.00, 265.74
855.00, 855.00, 288.89
855.00, 885.00, 278.59
855.00, 915.00, 277.55
855.00, 945.00, 247.55
855.00, 975.00, 231.84
855.00, 1005.00, 219.41
855.00, 1035.00, 210.86
855.00, 1065.00, 210.86
855.00, 1095.00, 218.16
855.00, 1125.00, 243.02
855.00, 1155.00, 260.59
855.00, 1185.00, 290.59
855.00, 1215.00, 320.59
855.00, 1245.00, 345.44
855.00, 1275.00, 375.44
855.00, 1305.00, 375.44
855.00, 1335.00, 375.44
855.00, 1365.00, 405.44
855.00, 1395.00, 405.44
855.00, 1425.00, 420.00
855.00, 1455.00, 420.00
855.00, 1485.00, 420.00
855.00, 1515.00, 420.00
855.00, 1545.00, 420.00
855.00, 1575.00, 420.00
855.00, 1605.00, 420.00
855.00, 1635.00, 420.00
855.00, 1665.00, 420.00
855.00, 1695.00, 420.00
855.00, 1725.00, 420.00
855.00, 1755.00, 420.00
855.00, 1785.00, 420.00
885.00, 15.00, 420.00
885.00, 45.00, 420.00
885.00, 75.00, 420.00
885.00, 105.00, 420.00
885.00, 135.00, 420.00
885.00, 165.00, 420.00
885.00, 195.00, 420.00
885.00, 225.00, 420.00
885.00, 255.00, 420.00
885.00, 285.00, 420.00
885.00, 315.00, 420.00
885.00, 345.00, 420.00
885.00, 375.00, 420.00
885.00, 405.00, 420.00
885.00, 435.00, 420.00
885.00, 465.00, 420.00
885.00, 495.00, 420.00
885.00, 525.00, 420.00
885.00, 555.00, 390.00
885.00, 585.00, 390.00
885.00, 615.00, 390.00
885.00, 645.00, 380.59
885.00, 675.00, 380.59
885.00, 705.00, 368.16
885.00, 735.00, 338.16
885.00, 765.00, 308.16
885.00, 795.00, 278.16
885.00, 825.00, 278.16
885.00, 855.00, 288.89
885.00, 885.00, 305.15
885.00, 915.00, 282.43
885.00, 945.00, 274.26
885.00, 975.00, 252.43
885.00, 1005.00, 249.41
885.00, 1035.00, 240.86
885.00, 1065.00, 240.86
885.00, 1095.00, 248.16
885.00, 1125.00, 260.59
885.00, 1155.00, 285.44
885.00, 1185.00, 297.87
885.00, 1215.00, 327.87
885.00, 1245.00, 357.87
885.00, 1275.00, 375.44
885.00, 1305.00, 377.57
885.00, 1335.00, 390.00
885.00, 1365.00, 405.44
885.00, 1395.00, 420.00
885.00, 1425.00, 420.00
885.00, 1455.00, 420.00
885.00, 1485.00, 420.00
885.00, 1515.00, 420.00
885.00, 1545.00, 420.00
885.00, 1575.00, 420.00
885.00, 1605.00, 420.00
885.00, 1635.00, 420.00
885.00, 1665.00, 420.00
885.00, 1695.00, 420.00
885.00, 1725.00, 420.00
885.00, 1755.00, 420.00
885.00, 1785.00, 420.00
915.00, 15.00, 420.00
915.00, 45.00, 420.00
915.00, 75.00, 420.00
915.00, 105.00, 420.00
915.00, 135.00, 420.00
915.00, 165.00, 420.00
915.00, 195.00, 420.00
915.00, 225.00, 420.00
915.00, 255.00, 420.00
915.00, 285.00, 420.00
915.00, 315.00, 420.00
915.00, 345.00, 420.00
915.00, 375.00, 420.00
915.00, 405.00, 420.00
915.00, 435.00, 420.00
915.00, 465.00, 420.00
915.00, 495.00, 420.00
915.00, 525.00, 420.00
915.00, 555.00, 420.00
915.00, 585.00, 420.00
915.00, 615.00, 390.00
915.00, 645.00, 390.00
915.00, 675.00, 410.59
915.00, 705.00, 380.59
915.00, 735.00, 350.59
915.00, 765.00, 320.59
915.00, 795.00, 300.00
915.00, 825.00, 300.00
915.00, 855.00, 300.00
915.00, 885.00, 300.00
915.00, 915.00, 304.26
915.00, 945.00, 290.59
915.00, 975.00, 282.43
915.00, 1005.00, 279.41
915.00, 1035.00, 270.86
915.00, 1065.00, 270.86
915.00, 1095.00, 278.16
915.00, 1125.00, 290.59
915.00, 1155.00, 303.02
915.00, 1185.00, 303.02
915.00, 1215.00, 315.44
915.00, 1245.00, 333.02
915.00, 1275.00, 363.02
915.00, 1305.00, 393.02
915.00, 1335.00, 420.00
915.00, 1365.00, 420.00
915.00, 1395.00, 420.00
915.00, 1425.00, 420.00
915.00, 1455.00, 420.00
915.00, 1485.00, 420.00
915.00, 1515.00, 450.00
915.00, 1545.00, 447.87
915.00, 1575.00, 420.00
915.00, 1605.00, 420.00
915.00, 1635.00, 420.00
915.00, 1665.00, 420.00
915.00, 1695.00, 450.00
915.00, 1725.00, 450.00
915.00, 1755.00, 420.00
915.00, 1785.00, 420.00
945.00, 15.00, 420.00
945.00, 45.00, 420.00
945.00, 75.00, 420.00
945.00, 105.00, 420.00
945.00, 135.00, 420.00
945.00, 165.00, 420.00
945.00, 195.00, 420.00
945.00, 225.00, 420.00
945.00, 255.00, 420.00
945.00, 285.00, 420.00
945.00, 315.00, 420.00
945.00, 345.00, 420.00
945.00, 375.00, 420.00
945.00, 405.00, 420.00
945.00, 435.00, 420.00
945.00, 465.00, 420.00
945.00, 495.00, 420.00
945.00, 525.00, 420.00
945.00, 555.00, 420.00
945.00, 585.00, 420.00
945.00, 615.00, 390.00
945.00, 645.00, 390.00
945.00, 675.00, 398.59
945.00, 705.00, 380.59
945.00, 735.00, 356.17
945.00, 765.00, 342.43
945.00, 795.00, 330.00
945.00, 825.00, 326.17
945.00, 855.00, 300.00
945.00, 885.00, 300.00
945.00, 915.00, 320.59
945.00, 945.00, 309.41
945.00, 975.00, 309.41
945.00, 1005.00, 300.00
945.00, 1035.00, 290.59
945.00, 1065.00, 290.59
945.00, 1095.00, 308.16
945.00, 1125.00, 320.59
945.00, 1155.00, 333.02
945.00, 1185.00, 315.44
945.00, 1215.00, 315.44
945.00, 1245.00, 333.02
945.00, 1275.00, 357.87
945.00, 1305.00, 377.57
945.00, 1335.00, 390.00
945.00, 1365.00, 420.00
945.00, 1395.00, 420.00
945.00, 1425.00, 420.00
945.00, 1455.00, 420.00
945.00, 1485.00, 450.00
945.00, 1515.00, 450.00
945.00, 1545.00, 450.00
945.00, 1575.00, 420.00
945.00, 1605.00, 420.00
945.00, 1635.00, 450.00
945.00, 1665.00, 450.00
945.00, 1695.00, 450.00
945.00, 1725.00, 450.00
945.00, 1755.00, 420.00
945.00, 1785.00, 420.00
975.00, 15.00, 420.00
975.00, 45.00, 420.00
975.00, 75.00, 420.00
975.00, 105.00, 420.00
975.00, 135.00, 420.00
975.00, 165.00, 420.00
975.00, 195.00, 420.00
975.00, 225.00, 420.00
975.00, 255.00, 420.00
975.00, 285.00, 420.00
975.00, 315.00, 420.00
975.00, 345.00, 420.00
975.00, 375.00, 420.00
975.00, 405.00, 420.00
975.00, 435.00, 420.00
975.00, 465.00, 420.00
975.00, 495.00, 420.00
975.00, 525.00, 420.00
975.00, 555.00, 420.00
975.00, 585.00, 420.00
975.00, 615.00, 420.00
975.00, 645.00, 420.00
975.00, 675.00, 398.59
975.00, 705.00, 398.59
975.00, 735.00, 384.85
975.00, 765.00, 360.00
975.00, 795.00, 330.00
975.00, 825.00, 326.17
975.00, 855.00, 300.00
975.00, 885.00, 300.00
975.00, 915.00, 290.59
975.00, 945.00, 290.59
975.00, 975.00, 305.15
975.00, 1005.00, 310.29
975.00, 1035.00, 307.28
975.00, 1065.00, 307.28
975.00, 1095.00, 320.59
975.00, 1125.00, 350.59
975.00, 1155.00, 333.02
975.00, 1185.00, 333.02
975.00, 1215.00, 333.02
975.00, 1245.00, 345.44
975.00, 1275.00, 357.87
975.00, 1305.00, 377.57
975.00, 1335.00, 390.00
975.00, 1365.00, 420.00
975.00, 1395.00, 420.00
975.00, 1425.00, 420.00
975.00, 1455.00, 420.00
975.00, 1485.00, 450.00
975.00, 1515.00, 442.72
975.00, 1545.00, 420.00
975.00, 1575.00, 420.00
975.00, 1605.00, 420.00
975.00, 1635.00, 450.00
975.00, 1665.00, 450.00
975.00, 1695.00, 450.00
975.00, 1725.00, 450.00
975.00, 1755.00, 420.00
975.00, 1785.00, 420.00
1005.00, 15.00, 420.00
1005.00, 45.00, 420.00
1005.00, 75.00, 420.00
1005.00, 105.00, 420.00
1005.00, 135.00, 420.00
1005.00, 165.00, 420.00
1005.00, 195.00, 420.00
1005.00, 225.00, 420.00
1005.00, 255.00, 420.00
1005.00, 285.00, 420.00
1005.00, 315.00, 420.00
1005.00, 345.00, 420.00
1005.00, 375.00, 420.00
1005.00, 405.00, 420.00
1005.00, 435.00, 420.00
1005.00, 465.00, 420.00
1005.00, 495.00, 420.00
1005.00, 525.00, 420.00
1005.00, 555.00, 420.00
1005.00, 585.00, 420.00
1005.00, 615.00, 420.00
1005.00, 645.00, 420.00
1005.00, 675.00, 420.00
1005.00, 705.00, 420.00
1005.00, 735.00, 402.43
1005.00, 765.00, 372.43
1005.00, 795.00, 360.00
1005.00, 825.00, 335.15
1005.00, 855.00, 317.57
1005.00, 885.00, 303.02
1005.00, 915.00, 290.59
1005.00, 945.00, 290.59
1005.00, 975.00, 305.15
1005.00, 1005.00, 335.15
1005.00, 1035.00, 335.15
1005.00, 1065.00, 320.59
1005.00, 1095.00, 320.59
1005.00, 1125.00, 340.29
1005.00, 1155.00, 333.02
1005.00, 1185.00, 333.02
1005.00, 1215.00, 352.72
1005.00, 1245.00, 375.44
1005.00, 1275.00, 387.87
1005.00, 1305.00, 390.00
1005.00, 1335.00, 420.00
1005.00, 1365.00, 420.00
1005.00, 1395.00, 420.00
1005.00, 1425.00, 420.00
1005.00, 1455.00, 420.00
1005.00, 1485.00, 420.00
1005.00, 1515.00, 420.00
1005.00, 1545.00, 420.00
1005.00, 1575.00, 420.00
1005.00, 1605.00, 420.00
1005.00, 1635.00, 420.00
1005.00, 1665.00, 450.00
1005.00, 1695.00, 450.00
1005.00, 1725.00, 450.00
1005.00, 1755.00, 420.00
1005.00, 1785.00, 420.00
1035.00, 15.00, 420.00
1035.00, 45.00, 420.00
1035.00, 75.00, 420.00
1035.00, 105.00, 420.00
1035.00, 135.00, 420.00
1035.00, 165.00, 420.00
1035.00, 195.00, 420.00
1035.00, 225.00, 420.00
1035.00, 255.00, 420.00
1035.00, 285.00, 420.00
1035.00, 315.00, 420.00
1035.00, 345.00, 420.00
1035.00, 375.00, 420.00
1035.00, 405.00, 420.00
1035.00, 435.00, 420.00
1035.00, 465.00, 420.00
1035.00, 495.00, 420.00
1035.00, 525.00, 420.00
1035.00, 555.00, 420.00
1035.00, 585.00, 420.00
1035.00, 615.00, 420.00
1035.00, 645.00, 420.00
1035.00, 675.00, 420.00
1035.00, 705.00, 420.00
1035.00, 735.00, 414.85
1035.00, 765.00, 402.43
1035.00, 795.00, 377.57
1035.00, 825.00, 360.00
1035.00, 855.00, 345.44
1035.00, 885.00, 324.85
1035.00, 915.00, 312.43
1035.00, 945.00, 312.43
1035.00, 975.00, 312.43
1035.00, 1005.00, 317.57
1035.00, 1035.00, 325.74
1035.00, 1065.00, 325.74
1035.00, 1095.00, 333.02
1035.00, 1125.00, 340.29
1035.00, 1155.00, 352.72
1035.00, 1185.00, 352.72
1035.00, 1215.00, 365.15
1035.00, 1245.00, 395.15
1035.00, 1275.00, 417.87
1035.00, 1305.00, 417.87
1035.00, 1335.00, 420.00
1035.00, 1365.00, 420.00
1035.00, 1395.00, 420.00
1035.00, 1425.00, 420.00
1035.00, 1455.00, 420.00
1035.00, 1485.00, 420.00
1035.00, 1515.00, 420.00
1035.00, 1545.00, 420.00
1035.00, 1575.00, 420.00
1035.00, 1605.00, 420.00
1035.00, 1635.00, 420.00
1035.00, 1665.00, 420.00
1035.00, 1695.00, 420.00
1035.00, 1725.00, 420.00
1035.00, 1755.00, 420.00
1035.00, 1785.00, 420.00
1065.00, 15.00, 420.00
1065.00, 45.00, 420.00
1065.00, 75.00, 420.00
1065.00, 105.00, 420.00
1065.00, 135.00, 420.00
1065.00, 165.00, 420.00
1065.00, 195.00, 420.00
1065.00, 225.00, 420.00
1065.00, 255.00, 420.00
1065.00, 285.00, 420.00
1065.00, 315.00, 420.00
1065.00, 345.00, 420.00
1065.00, 375.00, 420.00
1065.00, 405.00, 420.00
1065.00, 435.00, 420.00
1065.00, 465.00, 420.00
1065.00, 495.00, 420.00
1065.00, 525.00, 420.00
1065.00, 555.00, 420.00
1065.00, 585.00, 420.00
1065.00, 615.00, 420.00
1065.00, 645.00, 420.00
1065.00, 675.00, 420.00
1065.00, 705.00, 420.00
1065.00, 735.00, 420.00
1065.00, 765.00, 420.00
1065.00, 795.00, 390.00
1065.00, 825.00, 387.87
1065.00, 855.00, 367.28
1065.00, 885.00, 345.44
1065.00, 915.00, 333.02
1065.00, 945.00, 320.59
1065.00, 975.00, 317.57
1065.00, 1005.00, 317.57
1065.00, 1035.00, 332.13
1065.00, 1065.00, 332.13
1065.00, 1095.00, 340.29
1065.00, 1125.00, 370.29
1065.00, 1155.00, 382.72
1065.00, 1185.00, 377.57
1065.00, 1215.00, 377.57
1065.00, 1245.00, 395.15
1065.00, 1275.00, 420.00
1065.00, 1305.00, 420.00
1065.00, 1335.00, 420.00
1065.00, 1365.00, 420.00
1065.00, 1395.00, 420.00
1065.00, 1425.00, 420.00
1065.00, 1455.00, 420.00
1065.00, 1485.00, 420.00
1065.00, 1515.00, 420.00
1065.00, 1545.00, 420.00
1065.00, 1575.00, 420.00
1065.00, 1605.00, 420.00
1065.00, 1635.00, 420.00
1065.00, 1665.00, 420.00
1065.00, 1695.00, 420.00
1065.00, 1725.00, 420.00
1065.00, 1755.00, 420.00
1065.00, 1785.00, 420.00
1095.00, 15.00, 420.00
1095.00, 45.00, 420.00
1095.00, 75.00, 420.00
1095.00, 105.00, 420.00
1095.00, 135.00, 420.00
1095.00, 165.00, 420.00
1095.00, 195.00, 420.00
1095.00, 225.00, 420.00
1095.00, 255.00, 420.00
1095.00, 285.00, 420.00
1095.00, 315.00, 420.00
1095.00, 345.00, 420.00
1095.00, 375.00, 420.00
1095.00, 405.00, 420.00
1095.00, 435.00, 419.12
1095.00, 465.00, 419.12
1095.00, 495.00, 420.00
1095.00, 525.00, 420.00
1095.00, 555.00, 420.00
1095.00, 585.00, 420.00
1095.00, 615.00, 420.00
1095.00, 645.00, 420.00
1095.00, 675.00, 420.00
1095.00, 705.00, 420.00
1095.00, 735.00, 420.00
1095.00, 765.00, 420.00
1095.00, 795.00, 420.00
1095.00, 825.00, 390.00
1095.00, 855.00, 375.44
1095.00, 885.00, 375.44
1095.00, 915.00, 363.02
1095.00, 945.00, 350.59
1095.00, 975.00, 347.57
1095.00, 1005.00, 347.57
1095.00, 1035.00, 360.00
1095.00, 1065.00, 352.72
1095.00, 1095.00, 352.72
1095.00, 1125.00, 382.72
1095.00, 1155.00, 412.72
1095.00, 1185.00, 390.00
1095.00, 1215.00, 390.00
1095.00, 1245.00, 420.00
1095.00, 1275.00, 420.00
1095.00, 1305.00, 420.00
1095.00, 1335.00, 420.00
1095.00, 1365.00, 420.00
1095.00, 1395.00, 420.00
1095.00, 1425.00, 420.00
1095.00, 1455.00, 420.00
1095.00, 1485.00, 420.00
1095.00, 1515.00, 420.00
1095.00, 1545.00, 420.00
1095.00, 1575.00, 420.00
1095.00, 1605.00, 420.00
1095.00, 1635.00, 420.00
1095.00, 1665.00, 420.00
1095.00, 1695.00, 420.00
1095.00, 1725.00, 420.00
1095.00, 1755.00, 420.00
1095.00, 1785.00, 420.00
1125.00, 15.00, 420.00
1125.00, 45.00, 420.00
1125.00, 75.00, 420.00
1125.00, 105.00, 420.00
1125.00, 135.00, 420.00
1125.00, 165.00, 420.00
1125.00, 195.00, 420.00
1125.00, 225.00, 420.00
1125.00, 255.00, 420.00
1125.00, 285.00, 420.00
1125.00, 315.00, 420.00
1125.00, 345.00, 420.00
1125.00, 375.00, 420.00
1125.00, 405.00, 420.00
1125.00, 435.00, 419.12
1125.00, 465.00, 419.12
1125.00, 495.00, 420.00
1125.00, 525.00, 420.00
1125.00, 555.00, 411.84
1125.00, 585.00, 411.84
1125.00, 615.00, 420.00
1125.00, 645.00, 420.00
1125.00, 675.00, 420.00
1125.00, 705.00, 420.00
1125.00, 735.00, 420.00
1125.00, 765.00, 420.00
1125.00, 795.00, 420.00
1125.00, 825.00, 417.87
1125.00, 855.00, 405.44
1125.00, 885.00, 405.44
1125.00, 915.00, 375.44
1125.00, 945.00, 375.44
1125.00, 975.00, 377.57
1125.00, 1005.00, 377.57
1125.00, 1035.00, 377.57
1125.00, 1065.00, 377.57
1125.00, 1095.00, 377.57
1125.00, 1125.00, 382.72
1125.00, 1155.00, 412.72
1125.00, 1185.00, 412.72
1125.00, 1215.00, 420.00
1125.00, 1245.00, 420.00
1125.00, 1275.00, 450.00
1125.00, 1305.00, 450.00
1125.00, 1335.00, 450.00
1125.00, 1365.00, 450.00
1125.00, 1395.00, 420.00
1125.00, 1425.00, 420.00
1125.00, 1455.00, 420.00
1125.00, 1485.00, 420.00
1125.00, 1515.00, 420.00
1125.00, 1545.00, 420.00
1125.00, 1575.00, 420.00
1125.00, 1605.00, 420.00
1125.00, 1635.00, 420.00
1125.00, 1665.00, 420.00
1125.00, 1695.00, 420.00
1125.00, 1725.00, 420.00
1125.00, 1755.00, 420.00
1125.00, 1785.00, 420.00
1155.00, 15.00, 420.00
1155.00, 45.00, 420.00
1155.00, 75.00, 420.00
1155.00, 105.00, 420.00
1155.00, 135.00, 420.00
1155.00, 165.00, 420.00
1155.00, 195.00, 420.00
1155.00, 225.00, 420.00
1155.00, 255.00, 420.00
1155.00, 285.00, 420.00
1155.00, 315.00, 420.00
1155.00, 345.00, 390.00
1155.00, 375.00, 390.00
1155.00, 405.00, 420.00
1155.00, 435.00, 420.00
1155.00, 465.00, 390.00
1155.00, 495.00, 420.00
1155.00, 525.00, 411.84
1155.00, 555.00, 411.84
1155.00, 585.00, 411.84
1155.00, 615.00, 420.00
1155.00, 645.00, 420.00
1155.00, 675.00, 420.00
1155.00, 705.00, 420.00
1155.00, 735.00, 420.00
1155.00, 765.00, 420.00
1155.00, 795.00, 420.00
1155.00, 825.00, 420.00
1155.00, 855.00, 420.00
1155.00, 885.00, 417.87
1155.00, 915.00, 405.44
1155.00, 945.00, 390.00
1155.00, 975.00, 390.00
1155.00, 1005.00, 390.00
1155.00, 1035.00, 390.00
1155.00, 1065.00, 390.00
1155.00, 1095.00, 387.87
1155.00, 1125.00, 387.87
1155.00, 1155.00, 412.72
1155.00, 1185.00, 412.72
1155.00, 1215.00, 420.00
1155.00, 1245.00, 437.57
1155.00, 1275.00, 450.00
1155.00, 1305.00, 450.00
1155.00, 1335.00, 450.00
1155.00, 1365.00, 450.00
1155.00, 1395.00, 420.00
1155.00, 1425.00, 420.00
1155.00, 1455.00, 420.00
1155.00, 1485.00, 420.00
1155.00, 1515.00, 420.00
1155.00, 1545.00, 420.00
1155.00, 1575.00, 420.00
1155.00, 1605.00, 420.00
1155.00, 1635.00, 420.00
1155.00, 1665.00, 420.00
1155.00, 1695.00, 420.00
1155.00, 1725.00, 420.00
1155.00, 1755.00, 420.00
1155.00, 1785.00, 420.00
1185.00, 15.00, 390.00
1185.00, 45.00, 390.00
1185.00, 75.00, 390.00
1185.00, 105.00, 390.00
1185.00, 135.00, 390.00
1185.00, 165.00, 420.00
1185.00, 195.00, 420.00
1185.00, 225.00, 420.00
1185.00, 255.00, 420.00
1185.00, 285.00, 420.00
1185.00, 315.00, 420.00
1185.00, 345.00, 390.00
1185.00, 375.00, 390.00
1185.00, 405.00, 420.00
1185.00, 435.00, 420.00
1185.00, 465.00, 390.00
1185.00, 495.00, 390.00
1185.00, 525.00, 390.00
1185.00, 555.00, 390.00
1185.00, 585.00, 390.00
1185.00, 615.00, 420.00
1185.00, 645.00, 420.00
1185.00, 675.00, 420.00
1185.00, 705.00, 420.00
1185.00, 735.00, 420.00
1185.00, 765.00, 420.00
1185.00, 795.00, 420.00
1185.00, 825.00, 420.00
1185.00, 855.00, 420.00
1185.00, 885.00, 420.00
1185.00, 915.00, 420.00
1185.00, 945.00, 420.00
1185.00, 975.00, 420.00
1185.00, 1005.00, 420.00
1185.00, 1035.00, 420.00
1185.00, 1065.00, 420.00
1185.00, 1095.00, 417.87
1185.00, 1125.00, 417.87
1185.00, 1155.00, 420.00
1185.00, 1185.00, 420.00
1185.00, 1215.00, 420.00
1185.00, 1245.00, 437.57
1185.00, 1275.00, 450.00
1185.00, 1305.00, 450.00
1185.00, 1335.00, 450.00
1185.00, 1365.00, 450.00
1185.00, 1395.00, 420.00
1185.00, 1425.00, 420.00
1185.00, 1455.00, 420.00
1185.00, 1485.00, 420.00
1185.00, 1515.00, 420.00
1185.00, 1545.00, 420.00
1185.00, 1575.00, 420.00
1185.00, 1605.00, 420.00
1185.00, 1635.00, 420.00
1185.00, 1665.00, 420.00
1185.00, 1695.00, 420.00
1185.00, 1725.00, 420.00
1185.00, 1755.00, 420.00
1185.00, 1785.00, 420.00
1215.00, 15.00, 390.00
1215.00, 45.00, 390.00
1215.00, 75.00, 390.00
1215.00, 105.00, 390.00
1215.00, 135.00, 390.00
1215.00, 165.00, 390.00
1215.00, 195.00, 390.00
1215.00, 225.00, 390.00
1215.00, 255.00, 420.00
1215.00, 285.00, 420.00
1215.00, 315.00, 390.00
1215.00, 345.00, 390.00
1215.00, 375.00, 390.00
1215.00, 405.00, 390.00
1215.00, 435.00, 420.00
1215.00, 465.00, 420.00
1215.00, 495.00, 420.00
1215.00, 525.00, 390.00
1215.00, 555.00, 390.00
1215.00, 585.00, 390.00
1215.00, 615.00, 420.00
1215.00, 645.00, 420.00
1215.00, 675.00, 420.00
1215.00, 705.00, 420.00
1215.00, 735.00, 420.00
1215.00, 765.00, 420.00
1215.00, 795.00, 420.00
1215.00, 825.00, 420.00
1215.00, 855.00, 420.00
1215.00, 885.00, 420.00
1215.00, 915.00, 420.00
1215.00, 945.00, 420.00
1215.00, 975.00, 420.00
1215.00, 1005.00, 420.00
1215.00, 1035.00, 420.00
1215.00, 1065.00, 420.00
1215.00, 1095.00, 420.00
1215.00, 1125.00, 420.00
1215.00, 1155.00, 420.00
1215.00, 1185.00, 420.00
1215.00, 1215.00, 450.00
1215.00, 1245.00, 450.00
1215.00, 1275.00, 450.00
1215.00, 1305.00, 450.00
1215.00, 1335.00, 450.00
1215.00, 1365.00, 450.00
1215.00, 1395.00, 420.00
1215.00, 1425.00, 420.00
1215.00, 1455.00, 420.00
1215.00, 1485.00, 420.00
1215.00, 1515.00, 420.00
1215.00, 1545.00, 420.00
1215.00, 1575.00, 420.00
1215.00, 1605.00, 420.00
1215.00, 1635.00, 420.00
1215.00, 1665.00, 450.00
1215.00, 1695.00, 450.00
1215.00, 1725.00, 420.00
1215.00, 1755.00, 420.00
1215.00, 1785.00, 420.00
1245.00, 15.00, 390.00
1245.00, 45.00, 390.00
1245.00, 75.00, 390.00
1245.00, 105.00, 390.00
1245.00, 135.00, 390.00
1245.00, 165.00, 390.00
1245.00, 195.00, 390.00
1245.00, 225.00, 390.00
1245.00, 255.00, 390.00
1245.00, 285.00, 390.00
1245.00, 315.00, 390.00
1245.00, 345.00, 390.00
1245.00, 375.00, 390.00
1245.00, 405.00, 420.00
1245.00, 435.00, 420.00
1245.00, 465.00, 420.00
1245.00, 495.00, 420.00
1245.00, 525.00, 420.00
1245.00, 555.00, 390.00
1245.00, 585.00, 390.00
1245.00, 615.00, 420.00
1245.00, 645.00, 420.00
1245.00, 675.00, 420.00
1245.00, 705.00, 420.00
1245.00, 735.00, 420.00
1245.00, 765.00, 420.00
1245.00, 795.00, 420.00
1245.00, 825.00, 420.00
1245.00, 855.00, 420.00
1245.00, 885.00, 420.00
1245.00, 915.00, 420.00
1245.00, 945.00, 420.00
1245.00, 975.00, 420.00
1245.00, 1005.00, 420.00
1245.00, 1035.00, 420.00
1245.00, 1065.00, 420.00
1245.00, 1095.00, 420.00
1245.00, 1125.00, 420.00
1245.00, 1155.00, 420.00
1245.00, 1185.00, 420.00
1245.00, 1215.00, 450.00
1245.00, 1245.00, 450.00
1245.00, 1275.00, 450.00
1245.00, 1305.00, 450.00
1245.00, 1335.00, 450.00
1245.00, 1365.00, 450.00
1245.00, 1395.00, 420.00
1245.00, 1425.00, 420.00
1245.00, 1455.00, 420.00
1245.00, 1485.00, 420.00
1245.00, 1515.00, 420.00
1245.00, 1545.00, 420.00
1245.00, 1575.00, 420.00
1245.00, 1605.00, 420.00
1245.00, 1635.00, 450.00
1245.00, 1665.00, 450.00
1245.00, 1695.00, 450.00
1245.00, 1725.00, 450.00
1245.00, 1755.00, 450.00
1245.00, 1785.00, 450.00
1275.00, 15.00, 390.00
1275.00, 45.00, 390.00
1275.00, 75.00, 390.00
1275.00, 105.00, 390.00
1275.00, 135.00, 390.00
1275.00, 165.00, 390.00
1275.00, 195.00, 390.00
1275.00, 225.00, 390.00
1275.00, 255.00, 390.00
1275.00, 285.00, 390.00
1275.00, 315.00, 390.00
1275.00, 345.00, 390.00
1275.00, 375.00, 420.00
1275.00, 405.00, 420.00
1275.00, 435.00, 420.00
1275.00, 465.00, 420.00
1275.00, 495.00, 420.00
1275.00, 525.00, 420.00
1275.00, 555.00, 420.00
1275.00, 585.00, 420.00
1275.00, 615.00, 420.00
1275.00, 645.00, 420.00
1275.00, 675.00, 420.00
1275.00, 705.00, 420.00
1275.00, 735.00, 420.00
1275.00, 765.00, 420.00
1275.00, 795.00, 420.00
1275.00, 825.00, 420.00
1275.00, 855.00, 420.00
1275.00, 885.00, 420.00
1275.00, 915.00, 420.00
1275.00, 945.00, 420.00
1275.00, 975.00, 412.72
1275.00, 1005.00, 412.72
1275.00, 1035.00, 420.00
1275.00, 1065.00, 420.00
1275.00, 1095.00, 420.00
1275.00, 1125.00, 420.00
1275.00, 1155.00, 420.00
1275.00, 1185.00, 420.00
1275.00, 1215.00, 450.00
1275.00, 1245.00, 450.00
1275.00, 1275.00, 450.00
1275.00, 1305.00, 450.00
1275.00, 1335.00, 450.00
1275.00, 1365.00, 420.00
1275.00, 1395.00, 420.00
1275.00, 1425.00, 420.00
1275.00, 1455.00, 420.00
1275.00, 1485.00, 420.00
1275.00, 1515.00, 420.00
1275.00, 1545.00, 420.00
1275.00, 1575.00, 420.00
1275.00, 1605.00, 450.00
1275.00, 1635.00, 450.00
1275.00, 1665.00, 450.00
1275.00, 1695.00, 450.00
1275.00, 1725.00, 450.00
1275.00, 1755.00, 450.00
1275.00, 1785.00, 450.00
1305.00, 15.00, 390.00
1305.00, 45.00, 390.00
1305.00, 75.00, 390.00
1305.00, 105.00, 390.00
1305.00, 135.00, 390.00
1305.00, 165.00, 390.00
1305.00, 195.00, 420.00
1305.00, 225.00, 390.00
1305.00, 255.00, 390.00
1305.00, 285.00, 390.00
1305.00, 315.00, 390.00
1305.00, 345.00, 390.00
1305.00, 375.00, 420.00
1305.00, 405.00, 420.00
1305.00, 435.00, 420.00
1305.00, 465.00, 420.00
1305.00, 495.00, 420.00
1305.00, 525.00, 420.00
1305.00, 555.00, 420.00
1305.00, 585.00, 420.00
1305.00, 615.00, 420.00
1305.00, 645.00, 420.00
1305.00, 675.00, 420.00
1305.00, 705.00, 420.00
1305.00, 735.00, 420.00
1305.00, 765.00, 420.00
1305.00, 795.00, 420.00
1305.00, 825.00, 420.00
1305.00, 855.00, 420.00
1305.00, 885.00, 420.00
1305.00, 915.00, 420.00
1305.00, 945.00, 420.00
1305.00, 975.00, 412.72
1305.00, 1005.00, 412.72
1305.00, 1035.00, 420.00
1305.00, 1065.00, 420.00
1305.00, 1095.00, 420.00
1305.00, 1125.00, 420.00
1305.00, 1155.00, 420.00
1305.00, 1185.00, 420.00
1305.00, 1215.00, 450.00
1305.00, 1245.00, 450.00
1305.00, 1275.00, 450.00
1305.00, 1305.00, 450.00
1305.00, 1335.00, 450.00
1305.00, 1365.00, 420.00
1305.00, 1395.00, 420.00
1305.00, 1425.00, 420.00
1305.00, 1455.00, 420.00
1305.00, 1485.00, 420.00
1305.00, 1515.00, 420.00
1305.00, 1545.00, 420.00
1305.00, 1575.00, 420.00
1305.00, 1605.00, 450.00
1305.00, 1635.00, 450.00
1305.00, 1665.00, 450.00
1305.00, 1695.00, 450.00
1305.00, 1725.00, 450.00
1305.00, 1755.00, 450.00
1305.00, 1785.00, 450.00
1335.00, 15.00, 390.00
1335.00, 45.00, 390.00
1335.00, 75.00, 390.00
1335.00, 105.00, 390.00
1335.00, 135.00, 390.00
1335.00, 165.00, 390.00
1335.00, 195.00, 420.00
1335.00, 225.00, 390.00
1335.00, 255.00, 390.00
1335.00, 285.00, 390.00
1335.00, 315.00, 390.00
1335.00, 345.00, 420.00
1335.00, 375.00, 420.00
1335.00, 405.00, 420.00
1335.00, 435.00, 420.00
1335.00, 465.00, 420.00
1335.00, 495.00, 420.00
1335.00, 525.00, 420.00
1335.00, 555.00, 420.00
1335.00, 585.00, 420.00
1335.00, 615.00, 420.00
1335.00, 645.00, 420.00
1335.00, 675.00, 420.00
1335.00, 705.00, 420.00
1335.00, 735.00, 420.00
1335.00, 765.00, 420.00
1335.00, 795.00, 420.00
1335.00, 825.00, 420.00
1335.00, 855.00, 420.00
1335.00, 885.00, 420.00
1335.00, 915.00, 420.00
1335.00, 945.00, 420.00
1335.00, 975.00, 420.00
1335.00, 1005.00, 420.00
1335.00, 1035.00, 420.00
1335.00, 1065.00, 420.00
1335.00, 1095.00, 420.00
1335.00, 1125.00, 420.00
1335.00, 1155.00, 420.00
1335.00, 1185.00, 420.00
1335.00, 1215.00, 450.00
1335.00, 1245.00, 450.00
1335.00, 1275.00, 420.00
1335.00, 1305.00, 420.00
1335.00, 1335.00, 420.00
1335.00, 1365.00, 420.00
1335.00, 1395.00, 420.00
1335.00, 1425.00, 420.00
1335.00, 1455.00, 420.00
1335.00, 1485.00, 420.00
1335.00, 1515.00, 450.00
1335.00, 1545.00, 450.00
1335.00, 1575.00, 450.00
1335.00, 1605.00, 450.00
1335.00, 1635.00, 450.00
1335.00, 1665.00, 450.00
1335.00, 1695.00, 450.00
1335.00, 1725.00, 450.00
1335.00, 1755.00, 450.00
1335.00, 1785.00, 450.00
1365.00, 15.00, 390.00
1365.00, 45.00, 390.00
1365.00, 75.00, 390.00
1365.00, 105.00, 390.00
1365.00, 135.00, 390.00
1365.00, 165.00, 420.00
1365.00, 195.00, 420.00
1365.00, 225.00, 420.00
1365.00, 255.00, 420.00
1365.00, 285.00, 420.00
1365.00, 315.00, 420.00
1365.00, 345.00, 420.00
1365.00, 375.00, 420.00
1365.00, 405.00, 420.00
1365.00, 435.00, 420.00
1365.00, 465.00, 420.00
1365.00, 495.00, 420.00
1365.00, 525.00, 420.00
1365.00, 555.00, 420.00
1365.00, 585.00, 420.00
1365.00, 615.00, 420.00
1365.00, 645.00, 420.00
1365.00, 675.00, 420.00
1365.00, 705.00, 420.00
1365.00, 735.00, 420.00
1365.00, 765.00, 420.00
1365.00, 795.00, 420.00
1365.00, 825.00, 420.00
1365.00, 855.00, 420.00
1365.00, 885.00, 420.00
1365.00, 915.00, 420.00
1365.00, 945.00, 420.00
1365.00, 975.00, 420.00
1365.00, 1005.00, 420.00
1365.00, 1035.00, 420.00
1365.00, 1065.00, 420.00
1365.00, 1095.00, 420.00
1365.00, 1125.00, 420.00
1365.00, 1155.00, 420.00
1365.00, 1185.00, 420.00
1365.00, 1215.00, 450.00
1365.00, 1245.00, 450.00
1365.00, 1275.00, 450.00
1365.00, 1305.00, 420.00
1365.00, 1335.00, 420.00
1365.00, 1365.00, 420.00
1365.00, 1395.00, 420.00
1365.00, 1425.00, 420.00
1365.00, 1455.00, 420.00
1365.00, 1485.00, 450.00
1365.00, 1515.00, 450.00
1365.00, 1545.00, 450.00
1365.00, 1575.00, 450.00
1365.00, 1605.00, 450.00
1365.00, 1635.00, 450.00
1365.00, 1665.00, 450.00
1365.00, 1695.00, 450.00
1365.00, 1725.00, 450.00
1365.00, 1755.00, 450.00
1365.00, 1785.00, 450.00
1395.00, 15.00, 420.00
1395.00, 45.00, 420.00
1395.00, 75.00, 390.00
1395.00, 105.00, 420.00
1395.00, 135.00, 420.00
1395.00, 165.00, 420.00
1395.00, 195.00, 420.00
1395.00, 225.00, 420.00
1395.00, 255.00, 420.00
1395.00, 285.00, 420.00
1395.00, 315.00, 420.00
1395.00, 345.00, 420.00
1395.00, 375.00, 420.00
1395.00, 405.00, 420.00
1395.00, 435.00, 420.00
1395.00, 465.00, 420.00
1395.00, 495.00, 420.00
1395.00, 525.00, 420.00
1395.00, 555.00, 420.00
1395.00, 585.00, 420.00
1395.00, 615.00, 420.00
1395.00, 645.00, 420.00
1395.00, 675.00, 420.00
1395.00, 705.00, 420.00
1395.00, 735.00, 420.00
1395.00, 765.00, 420.00
1395.00, 795.00, 420.00
1395.00, 825.00, 420.00
1395.00, 855.00, 420.00
1395.00, 885.00, 420.00
1395.00, 915.00, 420.00
1395.00, 945.00, 420.00
1395.00, 975.00, 420.00
1395.00, 1005.00, 420.00
1395.00, 1035.00, 420.00
1395.00, 1065.00, 420.00
1395.00, 1095.00, 420.00
1395.00, 1125.00, 420.00
1395.00, 1155.00, 420.00
1395.00, 1185.00, 420.00
1395.00, 1215.00, 450.00
1395.00, 1245.00, 450.00
1395.00, 1275.00, 450.00
1395.00, 1305.00, 420.00
1395.00, 1335.00, 420.00
1395.00, 1365.00, 420.00
1395.00, 1395.00, 420.00
1395.00, 1425.00, 450.00
1395.00, 1455.00, 450.00
1395.00, 1485.00, 450.00
1395.00, 1515.00, 450.00
1395.00, 1545.00, 450.00
1395.00, 1575.00, 450.00
1395.00, 1605.00, 450.00
1395.00, 1635.00, 450.00
1395.00, 1665.00, 450.00
1395.00, 1695.00, 450.00
1395.00, 1725.00, 450.00
1395.00, 1755.00, 450.00
1395.00, 1785.00, 450.00
1425.00, 15.00, 420.00
1425.00, 45.00, 420.00
1425.00, 75.00, 420.00
1425.00, 105.00, 420.00
1425.00, 135.00, 420.00
1425.00, 165.00, 420.00
1425.00, 195.00, 420.00
1425.00, 225.00, 420.00
1425.00, 255.00, 420.00
1425.00, 285.00, 420.00
1425.00, 315.00, 420.00
1425.00, 345.00, 420.00
1425.00, 375.00, 420.00
1425.00, 405.00, 420.00
1425.00, 435.00, 420.00
1425.00, 465.00, 420.00
1425.00, 495.00, 420.00
1425.00, 525.00, 420.00
1425.00, 555.00, 420.00
1425.00, 585.00, 420.00
1425.00, 615.00, 420.00
1425.00, 645.00, 420.00
1425.00, 675.00, 420.00
1425.00, 705.00, 420.00
1425.00, 735.00, 420.00
1425.00, 765.00, 420.00
1425.00, 795.00, 420.00
1425.00, 825.00, 420.00
1425.00, 855.00, 420.00
1425.00, 885.00, 420.00
1425.00, 915.00, 420.00
1425.00, 945.00, 420.00
1425.00, 975.00, 420.00
1425.00, 1005.00, 420.00
1425.00, 1035.00, 420.00
1425.00, 1065.00, 420.00
1425.00, 1095.00, 420.00
1425.00, 1125.00, 420.00
1425.00, 1155.00, 420.00
1425.00, 1185.00, 420.00
1425.00, 1215.00, 450.00
1425.00, 1245.00, 450.00
1425.00, 1275.00, 450.00
1425.00, 1305.00, 450.00
1425.00, 1335.00, 420.00
1425.00, 1365.00, 450.00
1425.00, 1395.00, 450.00
1425.00, 1425.00, 450.00
1425.00, 1455.00, 450.00
1425.00, 1485.00, 450.00
1425.00, 1515.00, 450.00
1425.00, 1545.00, 450.00
1425.00, 1575.00, 450.00
1425.00, 1605.00, 450.00
1425.00, 1635.00, 450.00
1425.00, 1665.00, 450.00
1425.00, 1695.00, 450.00
1425.00, 1725.00, 450.00
1425.00, 1755.00, 450.00
1425.00, 1785.00, 450.00
1455.00, 15.00, 420.00
1455.00, 45.00, 420.00
1455.00, 75.00, 420.00
1455.00, 105.00, 420.00
1455.00, 135.00, 420.00
1455.00, 165.00, 420.00
1455.00, 195.00, 420.00
1455.00, 225.00, 420.00
1455.00, 255.00, 420.00
1455.00, 285.00, 420.00
1455.00, 315.00, 420.00
1455.00, 345.00, 420.00
1455.00, 375.00, 420.00
1455.00, 405.00, 420.00
1455.00, 435.00, 420.00
1455.00, 465.00, 420.00
1455.00, 495.00, 420.00
1455.00, 525.00, 420.00
1455.00, 555.00, 420.00
1455.00, 585.00, 420.00
1455.00, 615.00, 420.00
1455.00, 645.00, 420.00
1455.00, 675.00, 420.00
1455.00, 705.00, 420.00
1455.00, 735.00, 420.00
1455.00, 765.00, 420.00
1455.00, 795.00, 420.00
1455.00, 825.00, 420.00
1455.00, 855.00, 420.00
1455.00, 885.00, 420.00
1455.00, 915.00, 420.00
1455.00, 945.00, 420.00
1455.00, 975.00, 420.00
1455.00, 1005.00, 420.00
1455.00, 1035.00, 420.00
1455.00, 1065.00, 420.00
1455.00, 1095.00, 420.00
1455.00, 1125.00, 420.00
1455.00, 1155.00, 420.00
1455.00, 1185.00, 420.00
1455.00, 1215.00, 450.00
1455.00, 1245.00, 450.00
1455.00, 1275.00, 450.00
1455.00, 1305.00, 450.00
1455.00, 1335.00, 450.00
1455.00, 1365.00, 450.00
1455.00, 1395.00, 450.00
1455.00, 1425.00, 450.00
1455.00, 1455.00, 450.00
1455.00, 1485.00, 450.00
1455.00, 1515.00, 450.00
1455.00, 1545.00, 450.00
1455.00, 1575.00, 450.00
1455.00, 1605.00, 450.00
1455.00, 1635.00, 450.00
1455.00, 1665.00, 450.00
1455.00, 1695.00, 450.00
1455.00, 1725.00, 450.00
1455.00, 1755.00, 450.00
1455.00, 1785.00, 450.00
1485.00, 15.00, 420.00
1485.00, 45.00, 420.00
1485.00, 75.00, 420.00
1485.00, 105.00, 420.00
1485.00, 135.00, 420.00
1485.00, 165.00, 420.00
1485.00, 195.00, 420.00
1485.00, 225.00, 420.00
1485.00, 255.00, 420.00
1485.00, 285.00, 420.00
1485.00, 315.00, 420.00
1485.00, 345.00, 420.00
1485.00, 375.00, 420.00
1485.00, 405.00, 420.00
1485.00, 435.00, 420.00
1485.00, 465.00, 420.00
1485.00, 495.00, 420.00
1485.00, 525.00, 420.00
1485.00, 555.00, 420.00
1485.00, 585.00, 420.00
1485.00, 615.00, 420.00
1485.00, 645.00, 420.00
1485.00, 675.00, 420.00
1485.00, 705.00, 420.00
1485.00, 735.00, 420.00
1485.00, 765.00, 420.00
1485.00, 795.00, 420.00
1485.00, 825.00, 420.00
1485.00, 855.00, 420.00
1485.00, 885.00, 420.00
1485.00, 915.00, 420.00
1485.00, 945.00, 420.00
1485.00, 975.00, 420.00
1485.00, 1005.00, 420.00
1485.00, 1035.00, 420.00
1485.00, 1065.00, 420.00
1485.00, 1095.00, 420.00
1485.00, 1125.00, 450.00
1485.00, 1155.00, 450.00
1485.00, 1185.00, 450.00
1485.00, 1215.00, 450.00
1485.00, 1245.00, 450.00
1485.00, 1275.00, 450.00
1485.00, 1305.00, 450.00
1485.00, 1335.00, 450.00
1485.00, 1365.00, 450.00
1485.00, 1395.00, 450.00
1485.00, 1425.00, 450.00
1485.00, 1455.00, 450.00
1485.00, 1485.00, 450.00
1485.00, 1515.00, 450.00
1485.00, 1545.00, 450.00
1485.00, 1575.00, 450.00
1485.00, 1605.00, 450.00
1485.00, 1635.00, 450.00
1485.00, 1665.00, 450.00
1485.00, 1695.00, 450.00
1485.00, 1725.00, 450.00
1485.00, 1755.00, 450.00
1485.00, 1785.00, 450.00
1515.00, 15.00, 420.00
1515.00, 45.00, 420.00
1515.00, 75.00, 420.00
1515.00, 105.00, 420.00
1515.00, 135.00, 420.00
1515.00, 165.00, 420.00
1515.00, 195.00, 420.00
1515.00, 225.00, 420.00
1515.00, 255.00, 420.00
1515.00, 285.00, 420.00
1515.00, 315.00, 420.00
1515.00, 345.00, 420.00
1515.00, 375.00, 420.00
1515.00, 405.00, 420.00
1515.00, 435.00, 420.00
1515.00, 465.00, 420.00
1515.00, 495.00, 420.00
1515.00, 525.00, 420.00
1515.00, 555.00, 420.00
1515.00, 585.00, 420.00
1515.00, 615.00, 420.00
1515.00, 645.00, 420.00
1515.00, 675.00, 420.00
1515.00, 705.00, 420.00
1515.00, 735.00, 420.00
1515.00, 765.00, 420.00
1515.00, 795.00, 420.00
1515.00, 825.00, 420.00
1515.00, 855.00, 420.00
1515.00, 885.00, 420.00
1515.00, 915.00, 420.00
1515.00, 945.00, 420.00
1515.00, 975.00, 420.00
1515.00, 1005.00, 420.00
1515.00, 1035.00, 420.00
1515.00, 1065.00, 450.00
1515.00, 1095.00, 450.00
1515.00, 1125.00, 450.00
1515.00, 1155.00, 450.00
1515.00, 1185.00, 450.00
1515.00, 1215.00, 450.00
1515.00, 1245.00, 450.00
1515.00, 1275.00, 450.00
1515.00, 1305.00, 450.00
1515.00, 1335.00, 450.00
1515.00, 1365.00, 450.00
1515.00, 1395.00, 450.00
1515.00, 1425.00, 450.00
1515.00, 1455.00, 450.00
1515.00, 1485.00, 450.00
1515.00, 1515.00, 450.00
1515.00, 1545.00, 450.00
1515.00, 1575.00, 450.00
1515.00, 1605.00, 450.00
1515.00, 1635.00, 450.00
1515.00, 1665.00, 450.00
1515.00, 1695.00, 450.00
1515.00, 1725.00, 450.00
1515.00, 1755.00, 450.00
1515.00, 1785.00, 450.00
1545.00, 15.00, 420.00
1545.00, 45.00, 420.00
1545.00, 75.00, 420.00
1545.00, 105.00, 420.00
1545.00, 135.00, 420.00
1545.00, 165.00, 420.00
1545.00, 195.00, 420.00
1545.00, 225.00, 420.00
1545.00, 255.00, 420.00
1545.00, 285.00, 420.00
1545.00, 315.00, 420.00
1545.00, 345.00, 420.00
1545.00, 375.00, 420.00
1545.00, 405.00, 420.00
1545.00, 435.00, 420.00
1545.00, 465.00, 420.00
1545.00, 495.00, 420.00
1545.00, 525.00, 420.00
1545.00, 555.00, 420.00
1545.00, 585.00, 420.00
1545.00, 615.00, 420.00
1545.00, 645.00, 420.00
1545.00, 675.00, 420.00
1545.00, 705.00, 420.00
1545.00, 735.00, 420.00
1545.00, 765.00, 420.00
1545.00, 795.00, 420.00
1545.00, 825.00, 420.00
1545.00, 855.00, 420.00
1545.00, 885.00, 420.00
1545.00, 915.00, 420.00
1545.00, 945.00, 420.00
1545.00, 975.00, 450.00
1545.00, 1005.00, 450.00
1545.00, 1035.00, 450.00
1545.00, 1065.00, 450.00
1545.00, 1095.00, 450.00
1545.00, 1125.00, 450.00
1545.00, 1155.00, 450.00
1545.00, 1185.00, 450.00
1545.00, 1215.00, 450.00
1545.00, 1245.00, 450.00
1545.00, 1275.00, 450.00
1545.00, 1305.00, 450.00
1545.00, 1335.00, 450.00
1545.00, 1365.00, 450.00
1545.00, 1395.00, 450.00
1545.00, 1425.00, 450.00
1545.00, 1455.00, 450.00
1545.00, 1485.00, 450.00
1545.00, 1515.00, 450.00
1545.00, 1545.00, 450.00
1545.00, 1575.00, 450.00
1545.00, 1605.00, 450.00
1545.00, 1635.00, 450.00
1545.00, 1665.00, 450.00
1545.00, 1695.00, 450.00
1545.00, 1725.00, 450.00
1545.00, 1755.00, 450.00
1545.00, 1785.00, 450.00
1575.00, 15.00, 420.00
1575.00, 45.00, 420.00
1575.00, 75.00, 420.00
1575.00, 105.00, 420.00
1575.00, 135.00, 420.00
1575.00, 165.00, 420.00
1575.00, 195.00, 420.00
1575.00, 225.00, 420.00
1575.00, 255.00, 420.00
1575.00, 285.00, 420.00
1575.00, 315.00, 420.00
1575.00, 345.00, 420.00
1575.00, 375.00, 420.00
1575.00, 405.00, 420.00
1575.00, 435.00, 420.00
1575.00, 465.00, 420.00
1575.00, 495.00, 420.00
1575.00, 525.00, 420.00
1575.00, 555.00, 420.00
1575.00, 585.00, 420.00
1575.00, 615.00, 420.00
1575.00, 645.00, 420.00
1575.00, 675.00, 420.00
1575.00, 705.00, 420.00
1575.00, 735.00, 420.00
1575.00, 765.00, 420.00
1575.00, 795.00, 420.00
1575.00, 825.00, 420.00
1575.00, 855.00, 420.00
1575.00, 885.00, 420.00
1575.00, 915.00, 450.00
1575.00, 945.00, 450.00
1575.00, 975.00, 450.00
1575.00, 1005.00, 450.00
1575.00, 1035.00, 450.00
1575.00, 1065.00, 450.00
1575.00, 1095.00, 450.00
1575.00, 1125.00, 450.00
1575.00, 1155.00, 450.00
1575.00, 1185.00, 450.00
1575.00, 1215.00, 450.00
1575.00, 1245.00, 450.00
1575.00, 1275.00, 450.00
1575.00, 1305.00, 450.00
1575.00, 1335.00, 450.00
1575.00, 1365.00, 450.00
1575.00, 1395.00, 450.00
1575.00, 1425.00, 450.00
1575.00, 1455.00, 450.00
1575.00, 1485.00, 450.00
1575.00, 1515.00, 450.00
1575.00, 1545.00, 450.00
1575.00, 1575.00, 450.00
1575.00, 1605.00, 450.00
1575.00, 1635.00, 450.00
1575.00, 1665.00, 450.00
1575.00, 1695.00, 450.00
1575.00, 1725.00, 450.00
1575.00, 1755.00, 450.00
1575.00, 1785.00, 450.00
1605.00, 15.00, 420.00
1605.00, 45.00, 420.00
1605.00, 75.00, 420.00
1605.00, 105.00, 420.00
1605.00, 135.00, 420.00
1605.00, 165.00, 420.00
1605.00, 195.00, 420.00
1605.00, 225.00, 420.00
1605.00, 255.00, 420.00
1605.00, 285.00, 420.00
1605.00, 315.00, 420.00
1605.00, 345.00, 420.00
1605.00, 375.00, 420.00
1605.00, 405.00, 420.00
1605.00, 435.00, 420.00
1605.00, 465.00, 420.00
1605.00, 495.00, 420.00
1605.00, 525.00, 420.00
1605.00, 555.00, 420.00
1605.00, 585.00, 420.00
1605.00, 615.00, 420.00
1605.00, 645.00, 420.00
1605.00, 675.00, 420.00
1605.00, 705.00, 420.00
1605.00, 735.00, 420.00
1605.00, 765.00, 420.00
1605.00, 795.00, 420.00
1605.00, 825.00, 420.00
1605.00, 855.00, 450.00
1605.00, 885.00, 450.00
1605.00, 915.00, 450.00
1605.00, 945.00, 450.00
1605.00, 975.00, 450.00
1605.00, 1005.00, 450.00
1605.00, 1035.00, 450.00
1605.00, 1065.00, 450.00
1605.00, 1095.00, 450.00
1605.00, 1125.00, 450.00
1605.00, 1155.00, 450.00
1605.00, 1185.00, 450.00
1605.00, 1215.00, 450.00
1605.00, 1245.00, 450.00
1605.00, 1275.00, 450.00
1605.00, 1305.00, 450.00
1605.00, 1335.00, 450.00
1605.00, 1365.00, 450.00
1605.00, 1395.00, 450.00
1605.00, 1425.00, 450.00
1605.00, 1455.00, 450.00
1605.00, 1485.00, 450.00
1605.00, 1515.00, 450.00
1605.00, 1545.00, 450.00
1605.00, 1575.00, 450.00
1605.00, 1605.00, 450.00
1605.00, 1635.00, 450.00
1605.00, 1665.00, 450.00
1605.00, 1695.00, 450.00
1605.00, 1725.00, 450.00
1605.00, 1755.00, 450.00
1605.00, 1785.00, 450.00
1635.00, 15.00, 420.00
1635.00, 45.00, 420.00
1635.00, 75.00, 420.00
1635.00, 105.00, 420.00
1635.00, 135.00, 420.00
1635.00, 165.00, 420.00
1635.00, 195.00, 420.00
1635.00, 225.00, 420.00
1635.00, 255.00, 420.00
1635.00, 285.00, 420.00
1635.00, 315.00, 420.00
1635.00, 345.00, 420.00
1635.00, 375.00, 420.00
1635.00, 405.00, 420.00
1635.00, 435.00, 450.00
1635.00, 465.00, 450.00
1635.00, 495.00, 420.00
1635.00, 525.00, 420.00
1635.00, 555.00, 420.00
1635.00, 585.00, 420.00
1635.00, 615.00, 420.00
1635.00, 645.00, 420.00
1635.00, 675.00, 420.00
1635.00, 705.00, 420.00
1635.00, 735.00, 420.00
1635.00, 765.00, 420.00
1635.00, 795.00, 450.00
1635.00, 825.00, 450.00
1635.00, 855.00, 450.00
1635.00, 885.00, 450.00
1635.00, 915.00, 450.00
1635.00, 945.00, 450.00
1635.00, 975.00, 450.00
1635.00, 1005.00, 450.00
1635.00, 1035.00, 450.00
1635.00, 1065.00, 450.00
1635.00, 1095.00, 450.00
1635.00, 1125.00, 450.00
1635.00, 1155.00, 450.00
1635.00, 1185.00, 450.00
1635.00, 1215.00, 450.00
1635.00, 1245.00, 450.00
1635.00, 1275.00, 450.00
1635.00, 1305.00, 450.00
1635.00, 1335.00, 450.00
1635.00, 1365.00, 450.00
1635.00, 1395.00, 450.00
1635.00, 1425.00, 450.00
1635.00, 1455.00, 450.00
1635.00, 1485.00, 450.00
1635.00, 1515.00, 450.00
1635.00, 1545.00, 450.00
1635.00, 1575.00, 450.00
1635.00, 1605.00, 450.00
1635.00, 1635.00, 450.00
1635.00, 1665.00, 450.00
1635.00, 1695.00, 450.00
1635.00, 1725.00, 450.00
1635.00, 1755.00, 450.00
1635.00, 1785.00, 480.00
1665.00, 15.00, 420.00
1665.00, 45.00, 420.00
1665.00, 75.00, 420.00
1665.00, 105.00, 420.00
1665.00, 135.00, 420.00
1665.00, 165.00, 420.00
1665.00, 195.00, 420.00
1665.00, 225.00, 420.00
1665.00, 255.00, 420.00
1665.00, 285.00, 420.00
1665.00, 315.00, 420.00
1665.00, 345.00, 420.00
1665.00, 375.00, 420.00
1665.00, 405.00, 450.00
1665.00, 435.00, 450.00
1665.00, 465.00, 450.00
1665.00, 495.00, 450.00
1665.00, 525.00, 450.00
1665.00, 555.00, 420.00
1665.00, 585.00, 420.00
1665.00, 615.00, 420.00
1665.00, 645.00, 420.00
1665.00, 675.00, 420.00
1665.00, 705.00, 420.00
1665.00, 735.00, 450.00
1665.00, 765.00, 450.00
1665.00, 795.00, 450.00
1665.00, 825.00, 450.00
1665.00, 855.00, 450.00
1665.00, 885.00, 450.00
1665.00, 915.00, 450.00
1665.00, 945.00, 450.00
1665.00, 975.00, 450.00
1665.00, 1005.00, 450.00
1665.00, 1035.00, 450.00
1665.00, 1065.00, 450.00
1665.00, 1095.00, 450.00
1665.00, 1125.00, 450.00
1665.00, 1155.00, 450.00
1665.00, 1185.00, 450.00
1665.00, 1215.00, 450.00
1665.00, 1245.00, 450.00
1665.00, 1275.00, 450.00
1665.00, 1305.00, 450.00
1665.00, 1335.00, 450.00
1665.00, 1365.00, 450.00
1665.00, 1395.00, 450.00
1665.00, 1425.00, 450.00
1665.00, 1455.00, 450.00
1665.00, 1485.00, 450.00
1665.00, 1515.00, 450.00
1665.00, 1545.00, 450.00
1665.00, 1575.00, 450.00
1665.00, 1605.00, 450.00
1665.00, 1635.00, 450.00
1665.00, 1665.00, 450.00
1665.00, 1695.00, 450.00
1665.00, 1725.00, 450.00
1665.00, 1755.00, 480.00
1665.00, 1785.00, 480.00
1695.00, 15.00, 420.00
1695.00, 45.00, 420.00
1695.00, 75.00, 420.00
1695.00, 105.00, 420.00
1695.00, 135.00, 420.00
1695.00, 165.00, 420.00
1695.00, 195.00, 420.00
1695.00, 225.00, 420.00
1695.00, 255.00, 420.00
1695.00, 285.00, 420.00
1695.00, 315.00, 450.00
1695.00, 345.00, 450.00
1695.00, 375.00, 450.00
1695.00, 405.00, 450.00
1695.00, 435.00, 450.00
1695.00, 465.00, 450.00
1695.00, 495.00, 450.00
1695.00, 525.00, 450.00
1695.00, 555.00, 450.00
1695.00, 585.00, 420.00
1695.00, 615.00, 420.00
1695.00, 645.00, 420.00
1695.00, 675.00, 450.00
1695.00, 705.00, 450.00
1695.00, 735.00, 450.00
1695.00, 765.00, 450.00
1695.00, 795.00, 450.00
1695.00, 825.00, 450.00
1695.00, 855.00, 450.00
1695.00, 885.00, 450.00
1695.00, 915.00, 450.00
1695.00, 945.00, 450.00
1695.00, 975.00, 450.00
1695.00, 1005.00, 450.00
1695.00, 1035.00, 450.00
1695.00, 1065.00, 450.00
1695.00, 1095.00, 450.00
1695.00, 1125.00, 450.00
1695.00, 1155.00, 450.00
1695.00, 1185.00, 450.00
1695.00, 1215.00, 450.00
1695.00, 1245.00, 450.00
1695.00, 1275.00, 450.00
1695.00, 1305.00, 450.00
1695.00, 1335.00, 450.00
1695.00, 1365.00, 450.00
1695.00, 1395.00, 450.00
1695.00, 1425.00, 450.00
1695.00, 1455.00, 450.00
1695.00, 1485.00, 450.00
1695.00, 1515.00, 450.00
1695.00, 1545.00, 450.00
1695.00, 1575.00, 450.00
1695.00, 1605.00, 450.00
1695.00, 1635.00, 450.00
1695.00, 1665.00, 450.00
1695.00, 1695.00, 450.00
1695.00, 1725.00, 480.00
1695.00, 1755.00, 480.00
1695.00, 1785.00, 480.00
1725.00, 15.00, 420.00
1725.00, 45.00, 420.00
1725.00, 75.00, 420.00
1725.00, 105.00, 420.00
1725.00, 135.00, 420.00
1725.00, 165.00, 420.00
1725.00, 195.00, 420.00
1725.00, 225.00, 420.00
1725.00, 255.00, 420.00
1725.00, 285.00, 450.00
1725.00, 315.00, 450.00
1725.00, 345.00, 450.00
1725.00, 375.00, 450.00
1725.00, 405.00, 450.00
1725.00, 435.00, 450.00
1725.00, 465.00, 450.00
1725.00, 495.00, 450.00
1725.00, 525.00, 450.00
1725.00, 555.00, 450.00
1725.00, 585.00, 450.00
1725.00, 615.00, 450.00
1725.00, 645.00, 450.00
1725.00, 675.00, 450.00
1725.00, 705.00, 450.00
1725.00, 735.00, 450.00
1725.00, 765.00, 450.00
1725.00, 795.00, 450.00
1725.00, 825.00, 450.00
1725.00, 855.00, 450.00
1725.00, 885.00, 450.00
1725.00, 915.00, 450.00
1725.00, 945.00, 450.00
1725.00, 975.00, 450.00
1725.00, 1005.00, 450.00
1725.00, 1035.00, 450.00
1725.00, 1065.00, 450.00
1725.00, 1095.00, 450.00
1725.00, 1125.00, 450.00
1725.00, 1155.00, 450.00
1725.00, 1185.00, 450.00
1725.00, 1215.00, 450.00
1725.00, 1245.00, 450.00
1725.00, 1275.00, 450.00
1725.00, 1305.00, 450.00
1725.00, 1335.00, 450.00
1725.00, 1365.00, 450.00
1725.00, 1395.00, 450.00
1725.00, 1425.00, 450.00
1725.00, 1455.00, 450.00
1725.00, 1485.00, 450.00
1725.00, 1515.00, 450.00
1725.00, 1545.00, 450.00
1725.00, 1575.00, 450.00
1725.00, 1605.00, 450.00
1725.00, 1635.00, 450.00
1725.00, 1665.00, 480.00
1725.00, 1695.00, 480.00
1725.00, 1725.00, 480.00
1725.00, 1755.00, 480.00
1725.00, 1785.00, 510.00
1755.00, 15.00, 420.00
1755.00, 45.00, 420.00
1755.00, 75.00, 420.00
1755.00, 105.00, 420.00
1755.00, 135.00, 420.00
1755.00, 165.00, 420.00
1755.00, 195.00, 420.00
1755.00, 225.00, 450.00
1755.00, 255.00, 450.00
1755.00, 285.00, 450.00
1755.00, 315.00, 450.00
1755.00, 345.00, 450.00
1755.00, 375.00, 450.00
1755.00, 405.00, 450.00
1755.00, 435.00, 450.00
1755.00, 465.00, 450.00
1755.00, 495.00, 450.00
1755.00, 525.00, 450.00
1755.00, 555.00, 450.00
1755.00, 585.00, 450.00
1755.00, 615.00, 450.00
1755.00, 645.00, 450.00
1755.00, 675.00, 450.00
1755.00, 705.00, 450.00
1755.00, 735.00, 450.00
1755.00, 765.00, 450.00
1755.00, 795.00, 450.00
1755.00, 825.00, 450.00
1755.00, 855.00, 450.00
1755.00, 885.00, 450.00
1755.00, 915.00, 450.00
1755.00, 945.00, 450.00
1755.00, 975.00, 450.00
1755.00, 1005.00, 450.00
1755.00, 1035.00, 450.00
1755.00, 1065.00, 450.00
1755.00, 1095.00, 450.00
1755.00, 1125.00, 450.00
1755.00, 1155.00, 450.00
1755.00, 1185.00, 450.00
1755.00, 1215.00, 450.00
1755.00, 1245.00, 450.00
1755.00, 1275.00, 450.00
1755.00, 1305.00, 450.00
1755.00, 1335.00, 450.00
1755.00, 1365.00, 450.00
1755.00, 1395.00, 450.00
1755.00, 1425.00, 450.00
1755.00, 1455.00, 450.00
1755.00, 1485.00, 450.00
1755.00, 1515.00, 450.00
1755.00, 1545.00, 450.00
1755.00, 1575.00, 450.00
1755.00, 1605.00, 467.57
1755.00, 1635.00, 480.00
1755.00, 1665.00, 480.00
1755.00, 1695.00, 480.00
1755.00, 1725.00, 510.00
1755.00, 1755.00, 510.00
1755.00, 1785.00, 510.00
1785.00, 15.00, 420.00
1785.00, 45.00, 420.00
1785.00, 75.00, 420.00
1785.00, 105.00, 420.00
1785.00, 135.00, 450.00
1785.00, 165.00, 450.00
1785.00, 195.00, 450.00
1785.00, 225.00, 450.00
1785.00, 255.00, 450.00
1785.00, 285.00, 450.00
1785.00, 315.00, 450.00
1785.00, 345.00, 450.00
1785.00, 375.00, 450.00
1785.00, 405.00, 450.00
1785.00, 435.00, 450.00
1785.00, 465.00, 450.00
1785.00, 495.00, 450.00
1785.00, 525.00, 450.00
1785.00, 555.00, 450.00
1785.00, 585.00, 450.00
1785.00, 615.00, 450.00
1785.00, 645.00, 450.00
1785.00, 675.00, 450.00
1785.00, 705.00, 450.00
1785.00, 735.00, 450.00
1785.00, 765.00, 450.00
1785.00, 795.00, 450.00
1785.00, 825.00, 450.00
1785.00, 855.00, 450.00
1785.00, 885.00, 450.00
1785.00, 915.00, 450.00
1785.00, 945.00, 450.00
1785.00, 975.00, 450.00
1785.00, 1005.00, 450.00
1785.00, 1035.00, 450.00
1785.00, 1065.00, 450.00
1785.00, 1095.00, 450.00
1785.00, 1125.00, 450.00
1785.00, 1155.00, 450.00
1785.00, 1185.00, 450.00
1785.00, 1215.00, 450.00
1785.00, 1245.00, 450.00
1785.00, 1275.00, 450.00
1785.00, 1305.00, 450.00
1785.00, 1335.00, 450.00
1785.00, 1365.00, 450.00
1785.00, 1395.00, 450.00
1785.00, 1425.00, 450.00
1785.00, 1455.00, 450.00
1785.00, 1485.00, 450.00
1785.00, 1515.00, 450.00
1785.00, 1545.00, 480.00
1785.00, 1575.00, 480.00
1785.00, 1605.00, 480.00
1785.00, 1635.00, 510.00
1785.00, 1665.00, 510.00
1785.00, 1695.00, 510.00
1785.00, 1725.00, 510.00
1785.00, 1755.00, 510.00
1785.00, 1785.00, 510.00
1815.00, 15.00, 420.00
1815.00, 45.00, 420.00
1815.00, 75.00, 420.00
1815.00, 105.00, 420.00
1815.00, 135.00, 450.00
1815.00, 165.00, 420.00
1815.00, 195.00, 420.00
1815.00, 225.00, 420.00
1815.00, 255.00, 420.00
1815.00, 285.00, 420.00
1815.00, 315.00, 450.00
1815.00, 345.00, 450.00
1815.00, 375.00, 450.00
1815.00, 405.00, 450.00
1815.00, 435.00, 450.00
1815.00, 465.00, 450.00
1815.00, 495.00, 450.00
1815.00, 525.00, 450.00
1815.00, 555.00, 450.00
1815.00, 585.00, 450.00
1815.00, 615.00, 450.00
1815.00, 645.00, 450.00
1815.00, 675.00, 450.00
1815.00, 705.00, 450.00
1815.00, 735.00, 450.00
1815.00, 765.00, 450.00
1815.00, 795.00, 450.00
1815.00, 825.00, 450.00
1815.00, 855.00, 450.00
1815.00, 885.00, 450.00
1815.00, 915.00, 450.00
1815.00, 945.00, 450.00
1815.00, 975.00, 450.00
1815.00, 1005.00, 450.00
1815.00, 1035.00, 450.00
1815.00, 1065.00, 450.00
1815.00, 1095.00, 450.00
1815.00, 1125.00, 450.00
1815.00, 1155.00, 450.00
1815.00, 1185.00, 450.00
1815.00, 1215.00, 450.00
1815.00, 1245.00, 450.00
1815.00, 1275.00, 450.00
1815.00, 1305.00, 450.00
1815.00, 1335.00, 450.00
1815.00, 1365.00, 450.00
1815.00, 1395.00, 450.00
1815.00, 1425.00, 450.00
1815.00, 1455.00, 450.00
1815.00, 1485.00, 480.00
1815.00, 1515.00, 480.00
1815.00, 1545.00, 480.00
1815.00, 1575.00, 510.00
1815.00, 1605.00, 510.00
1815.00, 1635.00, 510.00
1815.00, 1665.00, 510.00
1815.00, 1695.00, 510.00
1815.00, 1725.00, 510.00
1815.00, 1755.00, 510.00
1815.00, 1785.00, 510.00